79
115
227
95
256
75
200
70
25
272
164
90
50
55
130
246
205
70
265
195
165
95
229
160
150
125
216
135
195
151
135
142
105
140
165
30
180
185
130
135
80
106
255
280
85
100
100
135
105
140
145
70
75
160
136
315
245
80
217
160
162
195
110
95
75
160
57
213
180
124
275
135
85
260
85
265
163
175
175
115
235
125
109
95
105
100
120
75
190
70
135
90
205
118
200
222
210
150
220
115
110
85
136
60
160
100
201
125
90
135
40
110
80
120
65
120
145
130
40
223
180
190
75
95
120
203
160
123
185
80
227
120
225
165
105
190
95
220
235
110
85
150
100
70
187
221
52
25
190
135
195
70
261
170
75
20
150
145
160
115
140
40
40
195
201
55
115
70
282
245
100
170
165
100
187
199
60
123
193
195
100
100
100
0
130
150
111
105
86
40
130
100
145
157
60
135
210
150
135
105
120
180
222
75
105
175
65
145
75
115
126
305
105
215
121
90
130
130
190
222
107
170
230
320
165
130
125
130
60
195
145
170
155
45
125
215
20
260
100
165
130
125
140
165
240
135
225
200
55
220
66
245
70
150
210
120
151
80
285
105
77
180
175
165
175
249
145
130
191
180
165
170
165
178
173
250
100
230
95
145
138
130
95
180
150
132
160
85
230
160
145
66
180
160
221
55
140
105
145
135
60
75
65
220
185
160
90
270
134
55
140
309
100
155
220
190
144
310
195
130
235
160
165
140
215
105
220
164
105
170
120
188
115
102
165
153
185
210
80
10
225
270
49
225
135
90
110
86
145
178
230
223
165
130
50
45
150
175
155
105
180
170
75
220
100
85
55
110
65
170
175
220
188
170
120
75
105
115
168
205
150
145
190
65
20
160
275
225
165
185
60
85
120
135
57
180
110
75
160
85
205
250
115
140
138
166
75
175
90
210
220
290
170
105
328
175
235
150
41
65
250
120
130
105
120
50
170
130
90
94
318
120
170
196
95
135
95
180
243
105
180
185
170
105
200
185
170
150
115
170
135
95
140
221
162
170
125
145
40
220
75
245
241
205
320
135
190
40
65
110
40
90
180
270
250
155
120
85
170
98
270
125
180
95
140
340
125
106
155
275
145
45
200
140
70
260
147
205
100
130
165
95
160
70
181
215
80
65
140
135
90
120
150
140
55
180
339
80
105
145
135
175
132
45
85
125
95
125
130
215
178
83
110
111
265
135
200
92
166
175
215
185
100
250
92
146
205
154
215
255
185
150
190
210
175
75
105
145
170
199
130
209
276
215
157
170
135
230
328
240
165
190
175
145
79
190
136
130
160
255
110
175
125
130
65
210
115
95
155
165
145
205
204
205
165
170
177
50
20
180
110
252
125
130
227
100
177
215
190
99
240
215
155
260
150
85
90
145
160
193
170
220
160
190
90
105
103
125
171
125
90
240
210
100
230
125
155
150
80
115
50
180
55
107
105
147
40
205
40
75
115
45
215
200
153
120
100
105
220
61
198
135
70
155
190
90
238
162
235
165
149
160
285
275
105
181
305
145
215
175
230
91
85
95
205
143
175
200
185
255
185
215
115
102
85
40
125
130
165
105
175
180
109
150
165
256
138
135
135
225
120
260
320
75
116
65
180
193
65
130
215
185
85
143
185
115
80
178
135
275
170
100
215
118
216
155
170
189
190
210
60
297
221
190
255
85
205
145
160
275
115
127
214
185
95
175
125
145
115
85
125
155
135
115
199
190
240
150
192
307
160
127
205
175
75
145
230
225
110
180
145
159
190
172
100
230
90
265
235
114
300
275
88
110
55
205
165
145
130
165
55
85
180
194
85
65
120
136
153
190
240
167
140
140
92
180
40
200
80
90
165
180
231
130
93
85
67
119
75
65
130
120
145
168
225
185
195
225
150
155
167
135
185
165
305
90
165
131
193
120
135
170
135
250
170
120
100
230
220
130
190
235
195
280
155
110
160
118
160
86
175
275
185
310
80
105
190
135
270
130
280
145
140
105
165
160
120
190
175
100
110
145
80
200
45
165
170
320
185
210
174
120
135
70
144
220
245
100
160
220
165
275
150
210
200
85
125
220
235
210
207
125
220
185
155
120
175
93
120
153
250
190
210
195
211
160
140
185
180
195
127
175
155
105
121
230
220
55
280
250
220
140
135
180
240
331
157
208
125
110
160
85
145
90
209
130
145
165
295
130
190
185
115
250
225
150
130
165
165
285
130
105
220
210
122
356
345
200
180
200
215
175
237
176
245
180
220
175
95
90
135
95
175
185
250
165
192
210
160
80
140
125
130
114
140
260
145
152
105
285
215
115
160
185
150
105
130
175
90
180
180
205
155
206
115
115
40
165
250
100
165
200
145
265
165
190
110
145
230
120
150
142
265
102
165
90
80
340
195
193
245
95
150
99
139
180
285
273
99
185
240
197
200
165
135
150
190
74
270
125
145
85
175
135
161
140
245
175
125
180
125
105
100
283
150
40
140
130
60
135
130
117
231
195
247
150
175
281
165
85
143
180
75
202
180
212
60
170
175
95
174
275
250
155
120
180
180
255
139
185
91
52
205
180
180
192
91
167
238
130
200
170
70
144
250
106
150
105
240
230
170
210
185
64
180
260
106
140
182
220
222
110
250
154
199
203
228
130
75
110
100
341
110
95
120
140
120
180
190
235
228
95
67
120
85
245
155
140
115
85
200
118
165
145
167
161
110
170
243
115
85
215
131
132
235
220
115
195
235
135
190
165
155
105
90
50
95
224
107
95
255
80
185
100
115
245
155
70
205
250
115
204
95
120
80
75
235
40
195
340
120
195
235
75
160
180
185
277
165
190
195
50
185
132
55
35
125
250
125
110
115
180
150
215
235
285
60
185
230
235
149
160
295
275
274
145
215
180
227
135
100
165
130
145
204
195
280
190
275
185
115
120
123
130
255
145
245
235
90
148
150
130
120
230
50
190
100
145
170
86
150
65
247
245
180
235
154
90
235
155
231
175
125
365
155
145
125
210
130
120
190
160
225
235
105
225
215
190
255
180
165
186
199
185
224
245
76
140
165
230
155
255
230
75
150
190
235
270
235
150
281
100
200
100
220
42
110
140
180
155
200
160
40
90
130
103
234
225
180
145
175
90
185
235
190
245
93
170
75
95
190
275
155
245
200
150
140
243
230
245
125
160
170
130
65
110
225
145
260
145
329
190
175
270
160
175
155
95
204
155
150
80
210
170
255
165
176
122
130
215
190
174
295
150
195
130
215
207
230
230
145
145
205
290
200
143
170
95
160
175
165
219
135
105
200
190
195
280
145
120
10
190
89
150
165
115
230
170
70
160
260
130
170
90
200
299
120
235
390
320
80
130
245
151
110
75
235
200
265
310
190
170
230
240
420
110
245
235
160
180
235
120
225
230
120
155
58
125
185
205
150
170
221
249
295
277
120
205
102
130
150
247
215
230
185
300
145
228
105
219
210
280
235
205
110
81
95
130
188
229
230
160
50
99
245
155
165
176
319
315
273
250
295
130
200
166
95
165
80
240
206
210
340
120
195
125
156
200
145
230
260
25
210
110
225
259
220
166
120
75
165
230
150
260
130
180
70
150
65
180
216
115
150
250
185
220
235
246
150
208
120
116
225
100
195
236
180
205
240
140
164
270
286
190
80
220
225
265
175
150
63
110
75
250
190
220
130
115
155
120
225
130
140
181
180
192
110
60
195
155
265
225
210
190
179
165
172
112
150
185
150
254
200
210
120
210
250
160
155
240
180
185
128
105
230
220
205
225
110
355
155
227
310
266
280
150
160
235
131
130
210
281
235
370
232
135
200
165
40
85
280
85
105
127
115
50
265
160
95
335
205
125
275
60
115
110
305
165
150
245
139
45
160
160
275
195
235
115
325
33
205
125
210
155
250
55
285
135
236
82
100
190
190
105
67
293
170
260
175
160
90
125
190
187
210
275
228
210
170
275
120
150
220
180
145
155
43
140
275
55
180
120
150
130
245
178
274
160
145
247
230
145
225
210
240
115
120
110
95
60
195
360
110
110
195
185
220
195
235
325
160
115
75
320
50
80
250
100
160
200
325
120
115
180
100
240
190
165
84
340
227
195
150
310
160
240
235
208
185
125
100
320
205
250
250
225
95
295
220
305
110
130
125
175
165
250
137
90
306
130
270
285
175
153
230
200
165
169
170
289
210
210
200
250
206
245
130
235
105
282
95
185
335
277
270
280
135
220
275
190
270
250
135
205
190
210
160
220
160
120
220
202
165
215
230
245
105
435
115
226
120
280
235
160
210
230
208
250
155
269
190
170
230
110
95
165
90
220
86
225
315
140
210
70
175
184
337
190
110
230
250
220
160
230
100
267
105
285
60
80
105
300
235
330
180
208
235
280
180
160
278
198
230
209
55
140
215
285
179
230
235
125
175
170
165
185
135
110
157
85
115
130
150
200
260
225
130
213
105
170
190
312
180
205
225
185
255
309
140
205
215
255
60
181
195
185
105
122
155
115
185
210
135
60
204
193
210
263
40
155
140
146
145
170
245
145
244
230
195
40
135
90
265
110
200
290
175
205
230
200
348
290
165
185
210
170
160
189
270
185
140
135
120
180
175
145
224
330
145
235
205
100
232
260
55
140
208
210
199
179
230
185
160
85
235
190
110
300
209
125
200
100
165
210
155
245
140
140
239
260
304
145
160
235
359
140
155
80
105
164
115
215
315
115
281
150
177
323
110
260
220
315
185
350
150
195
195
115
205
220
165
125
283
115
125
140
245
155
195
165
295
220
250
170
45
245
135
255
215
235
185
130
145
205
105
305
110
280
290
230
370
230
130
115
195
175
240
190
120
255
220
330
104
145
195
186
160
205
205
55
65
195
140
235
215
141
181
220
210
200
225
219
195
294
190
180
248
285
215
270
105
265
168
250
175
175
215
215
265
260
145
179
190
161
200
45
204
145
215
310
140
220
196
220
95
285
235
215
189
247
180
75
149
170
117
93
135
155
129
150
95
240
205
130
140
290
85
91
280
230
175
305
170
335
285
150
270
204
265
225
190
228
80
200
183
301
80
210
221
200
190
230
305
216
255
220
365
125
240
195
48
190
160
195
155
120
225
266
155
175
304
275
220
190
200
100
250
135
175
150
270
205
175
190
298
370
160
80
120
220
150
75
174
120
275
125
240
175
173
186
180
175
250
245
150
50
255
177
245
215
160
301
240
260
245
160
240
232
125
149
165
243
160
200
127
230
165
180
250
268
145
85
145
190
260
120
190
232
160
195
278
145
290
20
215
210
135
120
205
95
220
260
218
210
210
295
135
190
265
105
100
285
110
250
210
345
240
210
175
155
165
190
175
224
195
195
155
105
335
290
230
210
300
330
255
280
243
140
130
70
236
195
165
125
165
195
109
160
244
145
95
255
292
285
341
85
235
200
250
250
220
205
155
220
130
105
230
192
220
91
400
330
255
179
190
275
265
175
235
250
270
105
240
220
255
135
125
175
230
296
389
225
144
180
305
178
240
200
200
218
85
110
170
307
179
165
300
300
223
155
250
100
155
235
285
265
145
275
330
190
110
337
227
149
200
175
335
295
160
100
105
284
190
230
140
175
195
219
289
210
315
300
85
365
250
182
120
245
200
240
155
140
172
265
294
110
290
270
235
200
238
130
147
150
190
119
300
180
305
195
190
220
265
195
260
95
140
130
190
179
245
280
270
230
168
285
165
115
95
245
224
275
275
295
298
235
185
225
97
235
193
185
215
225
445
130
230
295
250
230
308
250
202
170
225
150
285
154
167
225
260
283
235
80
260
270
176
249
294
230
215
150
214
240
219
225
245
280
171
225
280
310
200
160
175
141
215
185
135
260
205
205
95
200
270
265
385
205
120
190
155
330
95
175
234
250
260
175
180
285
270
290
125
195
205
90
155
235
105
140
175
245
203
200
237
207
115
125
185
50
305
255
105
360
205
185
165
275
300
130
160
210
211
165
175
250
225
85
230
245
223
125
200
212
175
110
280
275
175
220
283
265
235
165
205
330
155
105
185
190
80
300
260
210
211
183
215
220
145
180
100
180
240
355
160
145
179
236
125
233
210
185
235
181
205
80
315
135
275
320
180
175
170
215
185
236
115
210
200
190
220
190
135
175
95
275
90
121
258
170
145
175
240
200
205
275
230
155
151
225
180
200
225
178
155
275
265
240
185
260
259
205
161
125
305
296
245
285
230
129
170
270
50
170
245
245
175
190
374
295
159
205
195
200
315
105
245
266
295
145
140
175
125
245
235
158
160
340
140
175
205
210
115
200
329
250
205
225
215
175
164
170
195
170
95
212
315
241
220
215
55
165
120
345
130
260
240
255
125
195
175
250
235
305
245
125
250
257
325
194
210
176
300
260
85
265
315
135
210
285
165
330
205
220
155
225
205
290
80
140
235
250
195
120
170
185
105
210
290
267
175
260
155
135
220
312
190
230
115
250
365
200
225
215
185
165
335
145
295
274
140
239
210
325
95
78
161
135
185
218
220
155
140
165
240
195
150
105
290
275
160
185
95
90
300
200
307
255
160
130
117
130
146
130
270
215
313
245
295
165
258
341
185
198
185
205
335
180
195
210
190
70
205
201
180
235
173
360
260
225
244
95
225
120
110
136
125
200
250
275
310
325
310
135
210
115
267
216
275
170
170
175
150
190
240
180
151
150
275
274
249
115
155
71
95
265
50
280
200
120
128
243
225
185
150
310
270
185
295
209
175
153
185
130
290
160
135
215
278
225
290
335
140
380
330
190
225
273
210
150
170
160
260
195
258
230
115
200
125
235
329
225
200
175
150
75
100
155
160
233
155
210
145
238
185
220
185
200
295
155
175
165
230
333
60
320
200
150
165
215
135
200
281
270
220
200
130
205
271
115
223
235
195
200
160
115
108
250
145
265
190
115
130
180
290
253
340
215
210
225
224
177
131
225
200
200
235
190
230
330
200
145
180
235
255
275
210
148
130
190
161
235
125
50
210
275
162
205
170
200
70
175
45
205
225
135
190
225
280
115
165
145
325
221
250
200
220
215
190
220
297
251
105
235
215
325
315
245
130
180
215
225
180
130
171
265
170
185
190
324
250
129
185
224
109
189
137
223
235
166
115
210
186
302
206
265
332
290
175
303
190
175
205
230
220
210
215
187
115
255
95
250
97
105
124
186
195
187
204
160
240
180
185
305
215
360
240
206
215
306
250
180
285
160
245
70
230
160
165
100
235
319
257
165
185
95
280
160
239
213
70
185
370
215
215
64
240
100
125
280
297
240
245
130
160
488
335
400
275
168
145
350
230
160
380
276
195
245
245
175
231
252
310
240
315
140
360
240
155
220
240
180
120
195
265
192
195
245
270
100
290
250
165
430
294
205
190
150
165
150
220
256
170
70
170
435
140
240
105
220
150
270
310
160
185
265
250
150
85
235
287
281
244
295
335
245
165
101
255
210
205
365
130
209
160
130
110
180
339
230
181
147
237
240
200
240
129
251
308
255
140
222
184
220
171
155
195
140
100
120
185
250
160
337
320
240
205
185
310
205
199
285
270
205
155
261
328
365
140
220
175
165
286
160
255
210
150
220
250
205
125
235
175
227
175
140
330
285
230
250
75
215
159
265
312
270
275
310
255
95
206
225
180
40
106
196
375
344
345
208
215
230
215
175
220
300
262
224
325
260
210
130
260
120
165
325
300
315
290
229
241
165
275
315
120
57
185
160
205
365
205
225
145
190
123
295
190
298
185
187
205
120
80
147
275
275
268
230
225
240
270
210
315
200
280
295
168
110
90
202
220
324
227
215
130
250
145
230
130
145
210
360
193
210
275
105
330
240
365
275
230
140
270
261
335
100
205
264
200
263
305
260
160
420
274
230
208
230
350
255
215
235
213
150
298
165
289
325
155
175
250
210
280
280
233
240
240
270
240
185
255
340
75
390
175
185
230
170
235
205
145
245
215
181
165
340
309
400
305
270
350
245
200
340
75
225
160
165
220
190
510
145
325
265
120
185
265
140
315
269
347
192
254
135
228
255
225
200
185
150
165
280
253
200
160
305
290
180
250
195
255
295
260
284
150
150
275
120
287
285
250
171
190
305
135
135
220
170
85
150
150
251
183
110
70
200
255
330
180
215
50
37
330
164
105
225
300
95
150
190
250
255
125
161
215
285
195
140
230
130
190
219
92
205
170
150
220
300
70
180
231
303
260
237
249
290
200
240
260
215
175
215
90
221
100
205
295
191
245
140
195
215
285
275
135
195
285
205
505
369
194
270
155
345
195
210
300
190
341
225
160
225
130
255
94
240
150
314
250
65
100
250
140
105
260
300
145
165
165
270
220
205
235
183
150
131
215
150
125
185
200
165
107
170
240
127
184
207
265
115
285
250
200
285
140
145
100
181
183
194
205
115
260
165
305
150
283
160
345
195
300
280
125
285
230
265
145
320
285
160
150
159
291
305
317
135
315
300
270
240
115
205
225
165
135
335
158
295
170
240
190
150
250
335
190
205
168
190
325
225
186
185
185
240
190
225
240
174
272
270
165
290
50
288
125
190
175
105
310
145
330
105
265
230
160
149
235
195
286
299
155
160
200
160
260
267
150
289
160
165
160
270
269
255
190
315
118
340
220
210
250
165
302
125
190
110
140
180
225
135
175
240
250
170
315
168
185
250
260
245
175
205
225
120
245
160
210
205
230
210
125
255
75
295
155
225
115
290
240
356
288
225
300
165
225
310
145
160
215
155
223
220
245
255
220
200
240
380
245
190
85
294
220
145
300
210
161
140
95
115
346
250
335
220
230
120
367
405
145
140
235
348
140
175
285
230
305
240
230
220
282
150
307
315
260
165
70
100
210
234
75
240
160
201
295
255
255
321
326
251
165
180
304
195
160
245
265
282
230
200
175
190
165
212
230
225
180
229
225
152
325
310
100
195
340
80
140
305
245
345
200
250
335
77
260
280
210
329
295
128
208
120
345
175
250
229
170
190
210
265
260
100
315
190
165
150
240
165
300
190
340
255
245
228
184
187
175
305
180
235
245
345
260
160
220
200
110
225
270
193
65
109
135
210
321
245
155
140
205
150
180
225
267
110
201
140
230
170
202
205
231
140
115
191
180
195
250
260
270
235
275
197
225
275
135
170
272
270
120
200
300
215
250
225
380
204
80
120
230
265
160
170
110
130
115
305
251
270
170
225
345
230
285
385
315
273
288
200
180
230
195
160
105
320
280
240
180
50
235
195
230
275
380
235
195
244
130
90
126
345
70
270
133
320
75
205
135
195
120
307
80
215
280
160
350
284
250
285
370
160
270
295
159
175
305
205
340
146
265
185
60
232
140
300
109
295
205
305
185
140
295
184
250
215
242
85
303
105
215
210
105
240
310
255
200
280
205
195
205
265
298
231
305
350
327
300
255
220
275
110
260
85
190
135
130
285
85
165
180
330
235
185
260
215
215
223
335
40
242
205
335
230
235
210
246
140
185
315
185
292
293
245
235
255
290
210
235
360
145
260
185
240
140
305
172
150
205
155
295
155
260
195
188
230
175
335
314
90
435
245
430
110
210
115
225
165
180
160
215
60
225
100
215
110
180
60
105
240
170
150
185
282
200
285
200
275
194
279
359
290
260
295
253
255
195
280
386
340
70
95
75
205
276
134
410
208
265
260
300
180
226
255
298
324
275
125
253
170
305
175
120
300
320
405
155
146
205
285
295
60
294
310
225
165
152
315
295
260
307
285
300
145
250
146
215
250
243
245
155
155
180
370
250
336
240
213
290
226
432
475
255
160
290
235
365
310
220
225
518
255
200
210
215
355
145
260
105
130
235
110
345
324
285
245
135
330
215
140
100
355
225
310
220
330
166
259
270
330
335
190
190
185
239
140
135
155
255
175
120
50
220
215
296
285
245
205
370
220
200
370
235
285
130
230
325
334
165
305
125
285
65
285
235
145
85
310
145
275
95
225
170
280
365
160
205
341
260
250
300
255
190
260
270
390
194
240
195
390
220
180
190
350
199
135
201
175
300
98
280
190
255
150
255
145
247
175
263
215
244
190
276
55
315
240
276
345
205
235
100
165
284
185
333
55
272
215
238
200
225
232
285
295
215
240
372
265
195
140
185
180
193
295
145
335
240
117
80
200
285
150
150
235
345
100
195
175
230
175
205
165
80
170
360
293
370
320
280
100
154
185
140
215
175
195
250
187
195
192
270
120
65
195
170
409
190
65
303
284
268
153
265
150
320
255
230
155
145
80
210
95
135
245
226
175
225
290
255
245
125
265
291
265
275
103
235
275
160
290
210
185
385
185
235
227
120
280
240
270
225
135
150
140
280
225
145
145
357
280
220
195
260
202
341
270
305
260
230
250
200
120
144
323
140
310
115
157
175
285
173
165
290
150
135
181
245
140
185
405
245
275
235
120
295
255
180
178
310
175
230
350
114
237
267
215
165
215
145
235
170
230
245
342
255
198
290
258
382
225
235
199
265
295
200
165
434
260
168
315
130
250
165
210
135
240
140
246
255
425
210
245
230
130
293
180
210
238
285
167
355
315
310
165
350
285
220
227
240
150
181
325
237
245
240
340
105
195
255
215
259
375
200
420
30
390
135
205
220
180
249
190
265
155
315
285
185
180
225
140
176
415
241
275
230
95
145
200
190
375
200
245
221
455
425
172
310
332
375
240
275
260
165
276
145
326
295
145
85
230
250
296
260
205
248
285
245
70
320
295
171
212
90
265
200
327
175
284
205
330
205
158
354
125
330
190
250
260
320
235
315
200
159
241
148
300
247
330
280
255
285
318
180
235
295
195
378
152
190
350
280
320
205
245
310
290
275
280
250
170
235
245
172
315
245
168
86
420
235
115
205
200
128
310
205
208
163
150
185
205
225
299
190
300
311
275
279
280
279
185
195
310
304
210
325
135
230
295
349
226
320
325
240
244
190
290
270
205
145
220
220
175
428
414
388
300
281
205
210
330
272
180
310
267
110
333
130
310
295
165
145
335
250
270
280
291
195
258
270
90
310
215
265
267
235
220
188
165
295
255
215
215
195
150
210
132
225
194
337
265
85
170
193
195
215
172
160
215
380
165
267
285
205
185
235
260
206
180
315
260
307
285
335
289
175
145
335
240
175
310
225
345
207
162
273
230
250
179
195
345
146
370
313
370
280
190
215
174
160
240
240
300
150
110
194
251
250
220
175
255
245
286
245
280
265
223
243
280
205
210
217
275
156
350
390
180
220
240
285
387
176
280
390
270
235
170
265
305
230
215
188
363
140
215
146
220
254
280
195
160
355
195
315
105
345
160
325
410
185
260
255
195
255
195
235
259
260
270
187
191
355
283
160
190
370
235
315
190
220
240
328
243
355
348
315
265
220
150
159
215
270
200
360
280
355
285
260
195
125
230
305
295
310
275
270
115
195
160
205
270
280
295
340
280
210
188
370
205
130
316
210
250
340
295
160
355
255
248
385
245
469
275
145
215
260
400
260
225
235
265
335
150
290
285
285
175
275
200
175
267
355
265
305
230
211
180
335
245
260
170
220
162
370
244
250
320
190
250
140
120
201
95
200
280
385
205
275
200
245
315
390
236
277
315
255
245
240
173
365
225
325
230
162
250
232
280
160
231
328
195
61
210
94
164
55
120
210
273
264
230
190
295
271
110
230
295
225
255
275
298
216
180
165
330
175
230
290
200
290
140
212
368
240
125
326
276
260
142
315
90
420
130
300
235
225
365
245
290
171
300
370
295
220
208
380
250
319
225
161
121
360
230
253
320
325
235
300
225
431
245
355
170
231
233
145
90
150
140
395
345
140
156
145
260
115
320
85
295
390
255
265
275
176
189
90
141
320
209
190
285
200
245
235
380
120
205
320
347
225
225
208
170
251
210
260
275
349
305
290
335
260
256
335
240
315
155
155
239
355
319
395
320
245
311
210
225
125
355
240
345
424
315
120
230
295
175
230
270
190
245
283
170
305
105
367
260
180
330
130
240
240
411
162
230
395
255
225
326
210
209
301
315
275
175
185
230
390
305
205
220
315
280
205
280
229
195
260
280
245
260
216
365
385
270
243
252
215
305
183
210
322
280
135
170
215
175
355
185
190
261
158
250
170
250
365
285
280
215
234
245
255
120
300
255
120
194
160
240
225
185
205
315
279
265
190
280
160
115
145
162
368
130
200
241
130
330
290
231
235
185
210
245
190
200
384
290
245
350
195
320
345
316
120
362
305
265
240
369
327
333
235
350
130
250
255
245
230
200
310
318
191
150
248
125
290
265
203
335
305
195
215
325
280
169
240
175
168
285
137
353
315
330
170
180
307
275
320
295
255
269
220
230
293
170
254
315
373
315
260
335
295
250
139
320
291
450
260
215
260
115
286
336
185
371
200
220
304
230
105
85
213
185
205
229
255
175
375
173
190
365
174
395
125
105
375
215
225
156
315
280
300
265
325
340
95
162
193
144
214
210
190
240
280
250
300
270
316
320
280
215
200
265
125
245
280
245
120
170
290
135
333
202
350
250
261
300
277
290
365
200
362
255
300
379
195
280
225
220
220
330
190
135
165
260
330
280
125
314
235
221
180
250
145
210
332
115
240
295
145
138
155
225
290
150
134
166
245
267
319
305
303
200
145
170
276
168
225
185
343
125
335
300
415
265
270
300
385
250
223
290
215
441
350
261
195
320
130
183
245
290
210
345
345
260
225
240
115
265
194
175
350
274
305
219
340
310
157
315
223
260
176
290
295
182
275
95
240
215
230
329
390
279
245
121
330
204
237
255
229
355
129
275
220
345
300
145
435
223
250
304
290
200
180
235
130
168
265
189
95
340
275
315
270
175
223
240
355
343
110
236
187
335
305
185
230
272
200
181
165
185
332
205
334
180
394
245
355
145
314
190
205
420
135
130
322
245
270
70
365
265
245
200
185
240
270
110
305
165
260
255
192
220
275
265
305
405
220
190
300
270
295
200
292
221
320
340
420
370
230
250
349
360
275
190
260
210
307
185
280
145
259
280
260
215
372
240
255
141
315
300
299
210
213
235
215
170
285
130
160
270
360
405
140
113
185
190
420
306
295
310
155
270
447
290
75
185
280
140
315
305
280
370
245
267
280
305
320
360
181
280
150
230
260
255
215
350
345
175
325
287
240
210
235
210
238
170
155
225
245
220
175
215
270
383
367
377
245
275
180
110
95
250
309
155
315
400
227
210
305
455
330
230
205
344
224
95
149
305
335
170
170
195
305
210
360
478
210
340
370
333
156
200
305
290
110
287
292
215
95
285
340
315
393
355
305
255
260
220
265
205
435
277
295
255
286
225
265
75
365
245
225
245
267
425
294
310
275
295
391
281
386
200
200
180
410
130
335
360
345
285
288
240
210
185
260
70
231
183
195
260
285
260
325
215
170
342
275
350
280
278
145
295
272
290
320
180
125
295
350
270
205
200
220
235
170
120
197
290
275
302
355
290
135
295
263
200
304
225
250
232
335
306
160
217
225
350
253
340
290
266
365
225
285
178
197
215
205
160
415
300
400
330
376
262
340
180
250
265
230
208
295
330
195
155
245
105
195
220
425
235
240
297
195
140
210
294
265
375
200
240
305
345
230
245
264
196
212
305
251
263
75
255
395
270
325
255
285
165
230
255
255
259
205
275
220
210
380
288
278
295
330
285
215
270
173
210
270
249
265
225
286
230
330
320
302
235
255
255
80
350
200
265
370
285
200
355
225
349
255
183
285
480
325
370
222
340
235
280
180
185
285
205
280
205
228
130
254
310
100
246
246
315
220
160
306
178
300
237
312
270
230
171
305
350
425
400
165
175
290
275
245
255
283
245
370
290
160
395
315
365
277
335
200
275
299
405
350
140
241
305
160
250
250
200
250
220
345
230
251
195
291
258
70
230
70
321
271
270
265
299
275
210
325
325
169
235
239
390
160
335
165
330
246
305
200
236
235
355
133
355
340
210
253
220
215
342
275
325
295
125
265
230
285
285
400
375
190
165
318
215
305
262
290
305
275
185
395
270
220
161
383
255
355
285
195
200
405
275
245
345
195
255
90
260
250
398
265
305
100
335
215
305
285
304
215
305
350
395
205
196
225
230
225
365
225
260
180
139
155
100
222
117
205
188
245
285
265
200
335
305
220
305
170
455
250
325
195
90
350
218
305
205
208
240
340
215
410
325
255
345
308
380
175
250
200
297
330
235
275
350
280
357
219
270
331
239
205
245
314
478
195
270
120
300
161
280
235
210
275
240
210
215
258
242
227
295
255
390
417
275
244
275
328
290
150
270
120
120
340
235
235
310
181
336
335
300
270
131
278
251
187
225
165
253
190
90
280
315
340
265
160
227
340
265
275
130
255
285
330
325
140
215
150
290
85
270
330
287
342
315
176
413
290
385
245
305
240
265
191
305
365
255
135
280
165
335
142
166
225
345
325
255
250
250
245
255
250
355
290
258
225
330
242
250
165
340
440
325
115
295
180
125
310
360
205
372
340
146
317
210
285
280
155
340
290
340
203
290
255
260
263
322
253
260
225
410
250
260
260
238
300
238
230
155
190
345
121
340
315
135
375
205
240
166
235
220
300
130
260
249
285
349
405
342
146
151
235
170
225
240
235
180
181
255
270
167
345
246
230
272
320
270
345
225
270
210
363
355
310
242
125
345
270
268
225
155
355
245
305
220
230
360
120
395
280
150
198
220
265
270
313
235
225
387
360
260
335
272
256
235
310
135
275
308
150
250
375
148
230
296
357
279
415
290
335
388
205
249
246
205
235
220
425
280
190
412
149
270
235
353
234
310
150
170
440
290
239
321
295
415
125
195
255
335
210
200
266
300
210
260
320
201
285
235
320
320
240
290
110
297
301
340
380
280
190
240
160
229
169
246
230
315
305
304
340
145
295
353
320
294
245
135
320
255
245
210
321
200
60
179
239
295
200
305
335
270
225
310
300
275
240
210
272
145
290
225
225
195
282
390
255
400
230
175
385
261
240
305
215
390
340
205
430
175
224
323
322
405
212
378
240
202
225
236
350
250
265
325
358
300
245
235
235
260
361
333
310
30
245
276
240
195
252
200
243
285
328
286
250
311
372
325
215
325
150
410
351
325
225
290
285
175
375
305
253
190
270
235
170
235
455
185
90
250
165
125
320
185
385
336
264
235
235
360
405
280
280
165
245
270
95
123
155
160
345
307
258
230
331
159
245
310
300
292
280
391
280
150
260
295
277
115
295
245
234
348
375
340
270
295
130
265
230
284
281
320
320
420
180
381
270
270
199
190
379
425
255
135
255
315
360
465
313
320
198
295
370
300
175
225
423
260
260
120
277
215
270
215
310
265
225
318
460
275
220
245
250
260
346
110
199
221
285
290
250
225
216
240
290
240
355
155
270
315
245
105
275
305
330
230
350
385
471
280
321
317
360
170
221
80
335
350
310
385
126
200
310
275
350
425
185
205
205
379
170
190
260
285
297
191
260
220
255
205
210
255
285
253
255
230
380
250
201
190
526
260
135
205
170
175
355
280
485
360
105
247
365
245
195
270
267
150
380
184
330
360
315
185
265
350
165
220
313
215
110
380
370
325
345
113
230
220
255
345
225
335
355
160
185
365
265
243
345
391
205
260
320
252
295
150
361
240
370
290
260
350
324
183
310
185
160
150
261
315
352
274
118
180
300
335
215
167
285
344
225
275
270
231
175
397
300
315
315
235
217
145
130
230
325
200
210
155
335
465
230
410
75
370
300
345
195
178
290
385
172
202
182
290
285
195
160
294
110
275
265
380
366
305
276
270
242
280
250
295
150
270
295
335
135
270
310
404
289
345
290
216
300
285
365
359
260
220
288
160
140
330
342
131
335
230
290
345
305
370
160
257
290
185
250
289
275
320
384
367
240
254
399
346
369
310
270
370
245
290
145
220
236
95
276
90
115
141
406
248
277
290
300
285
310
187
387
220
245
325
285
385
395
324
259
175
253
138
317
275
195
290
340
140
385
434
240
300
245
230
250
300
165
190
335
355
240
230
250
335
350
250
205
275
184
250
298
395
248
285
225
170
230
157
314
372
315
235
275
205
190
280
380
340
330
360
229
175
203
260
285
321
325
270
271
373
325
250
347
390
295
360
355
415
250
330
170
276
345
140
170
293
119
295
293
345
240
198
335
250
290
245
285
125
270
210
337
260
190
220
169
350
361
270
165
335
240
220
328
195
254
340
220
298
245
292
325
265
335
135
195
235
310
195
220
118
300
232
265
205
430
278
395
345
285
213
267
374
276
130
260
272
230
135
205
342
185
239
152
290
305
380
330
330
460
265
306
171
193
190
210
315
137
145
289
240
389
280
455
315
230
265
275
115
225
290
245
195
300
265
180
406
327
255
285
219
325
264
225
253
305
402
250
365
248
300
240
200
293
280
155
200
310
308
335
340
188
295
224
285
325
269
280
295
364
520
355
290
295
238
340
285
260
375
236
188
248
285
255
333
97
185
273
150
305
205
215
111
395
230
320
230
235
105
331
190
114
155
170
266
179
245
145
105
287
360
245
110
255
356
241
343
212
285
290
205
230
370
372
241
205
227
213
221
281
245
230
350
280
390
255
145
300
205
197
300
350
175
330
235
347
310
245
365
333
475
425
430
190
185
435
405
339
455
315
339
225
235
195
145
374
290
275
315
350
170
295
485
398
359
351
135
312
337
352
298
337
186
295
342
225
270
250
168
235
290
450
238
126
285
475
273
220
200
200
395
215
115
314
193
305
215
275
105
135
225
335
226
175
190
242
463
285
175
215
228
252
191
412
385
175
305
200
209
307
67
270
350
315
345
315
319
230
140
320
319
350
299
355
360
363
240
230
294
310
280
215
325
218
235
210
343
120
133
335
310
300
285
220
275
315
150
460
270
110
188
250
275
165
229
170
301
249
280
131
335
260
105
290
360
250
255
250
191
465
215
230
475
275
335
270
145
300
205
180
205
200
195
286
382
315
295
70
335
280
240
310
455
320
195
290
355
180
329
328
205
295
500
155
245
230
247
315
185
227
370
115
295
160
214
261
320
425
300
235
285
335
259
260
130
255
225
349
267
292
281
185
305
280
100
220
370
180
219
170
300
305
265
270
313
309
70
109
245
370
290
450
344
265
330
230
260
240
493
260
285
170
410
170
232
335
275
380
170
229
150
372
265
285
298
325
240
275
230
238
275
350
220
264
310
315
465
265
385
245
315
291
246
365
342
320
440
325
323
265
385
135
290
300
218
235
290
310
310
255
300
310
387
330
295
275
220
280
245
170
234
286
320
251
301
265
250
307
275
355
329
400
364
279
160
240
205
165
298
250
190
265
445
190
275
255
180
329
372
258
277
235
155
315
235
255
210
285
360
305
295
485
265
255
110
335
258
436
407
247
335
311
270
230
331
360
287
135
405
320
370
425
183
380
300
246
230
320
180
300
400
303
355
335
380
185
234
447
350
270
324
210
365
195
220
249
305
185
275
325
320
295
320
338
375
234
310
363
343
254
170
137
85
425
245
210
250
360
295
171
200
215
362
370
293
337
360
330
299
223
316
180
472
265
275
205
313
155
298
157
125
381
215
280
441
288
260
220
400
269
360
135
90
270
221
270
310
205
225
220
265
260
315
285
380
347
520
215
210
220
120
225
395
275
375
245
250
175
380
270
219
385
395
320
259
377
302
305
409
420
280
360
365
296
307
303
192
240
323
101
173
545
280
330
325
220
335
270
360
230
320
305
210
304
255
350
410
284
315
245
250
240
280
115
315
145
275
375
290
435
230
110
260
340
225
315
245
241
315
98
265
352
305
160
277
183
212
340
277
333
399
398
375
340
385
365
304
265
25
260
235
315
255
237
305
219
231
335
258
332
400
155
290
320
215
115
200
220
315
245
265
155
320
339
390
120
368
255
360
360
211
360
218
215
261
415
300
165
330
410
260
220
320
230
290
450
280
245
220
225
275
279
110
389
220
408
295
259
210
95
184
286
174
225
252
165
368
245
225
350
325
345
273
410
320
269
299
135
270
300
414
230
290
340
246
175
201
326
235
325
266
394
190
155
265
243
213
155
125
337
263
251
270
242
380
215
335
114
305
300
325
325
284
295
390
285
180
271
250
250
210
222
140
305
138
165
268
150
253
172
293
340
355
275
320
295
271
175
315
130
190
357
129
200
266
241
310
250
330
285
175
265
410
430
310
335
413
260
368
252
518
230
335
161
325
256
275
431
205
345
185
355
345
172
395
250
355
220
355
305
235
395
335
297
316
160
190
250
254
260
454
352
286
275
255
200
185
181
320
340
188
345
265
155
250
365
290
315
417
170
265
185
205
340
160
250
295
299
285
291
345
220
310
283
232
365
190
385
412
245
265
285
392
365
180
252
326
215
185
305
350
65
245
229
385
105
294
140
335
285
155
354
345
407
390
280
310
350
510
425
206
283
330
285
248
333
455
320
346
280
140
235
265
235
310
365
235
276
151
248
256
235
230
315
255
350
270
190
355
215
544
414
217
375
255
280
329
330
388
202
325
289
395
260
260
248
300
225
300
280
230
365
245
360
268
165
255
340
194
208
320
260
170
214
225
216
167
205
300
315
242
380
345
380
290
220
405
375
448
295
305
258
265
185
229
241
290
272
345
302
305
318
135
175
345
245
328
135
219
395
190
340
275
160
303
153
324
195
165
210
272
225
286
384
405
310
150
440
448
205
395
380
350
265
340
115
200
315
310
170
230
340
380
265
310
210
310
345
297
305
295
125
157
329
320
270
319
335
341
305
220
265
207
135
165
312
233
335
310
370
270
280
235
320
221
256
255
275
210
298
350
185
155
297
260
190
310
267
315
240
290
325
305
217
214
265
350
317
360
306
340
435
350
291
175
306
255
295
335
245
85
320
280
300
362
285
314
405
287
388
295
340
170
312
340
308
120
280
218
155
325
367
310
353
395
310
320
242
275
215
425
320
165
277
291
323
227
420
210
355
260
433
300
220
265
230
200
350
320
231
155
380
277
135
360
423
360
295
220
155
324
196
315
256
185
260
299
334
450
380
275
285
200
225
250
335
285
365
150
185
410
190
225
320
375
340
463
255
230
345
320
270
410
305
295
280
145
365
430
180
210
345
355
160
170
256
304
147
205
336
157
285
373
105
249
175
260
350
320
210
122
215
175
235
278
235
245
230
250
270
315
532
365
280
348
264
225
268
298
155
235
260
395
475
360
360
310
255
280
195
350
330
260
237
342
333
345
135
340
176
310
300
181
305
238
265
309
345
315
275
265
260
285
355
190
350
290
295
250
275
255
350
179
190
290
250
260
375
335
181
452
327
300
252
365
370
390
335
210
345
266
230
210
355
280
319
362
380
270
370
400
335
350
337
380
260
235
374
240
285
200
373
160
275
205
230
358
280
376
280
231
275
350
300
211
342
250
302
410
240
320
385
314
336
330
210
360
325
155
234
320
350
222
260
346
395
240
239
230
410
395
120
400
258
343
325
285
293
250
250
255
295
195
355
85
365
398
240
90
221
270
110
345
126
385
321
293
332
235
285
235
260
381
125
355
205
305
180
335
345
331
261
209
210
255
220
233
405
300
295
390
479
205
210
255
281
255
240
268
355
160
60
110
348
205
400
346
222
230
375
150
147
375
387
360
335
355
350
192
383
305
292
340
359
363
268
387
356
295
295
306
360
373
145
455
394
145
280
350
200
83
320
266
210
340
399
280
295
245
250
180
235
216
260
320
250
150
235
325
327
70
220
280
360
330
370
375
150
250
260
455
357
260
370
320
365
409
175
228
375
300
455
376
265
250
260
290
175
285
330
270
179
354
208
345
200
194
350
255
380
304
255
235
297
285
276
136
115
140
190
335
240
263
295
414
265
170
244
220
285
418
410
252
316
225
174
324
255
204
385
375
330
160
195
445
245
265
305
335
195
304
365
395
350
406
262
266
190
194
375
309
252
350
420
185
272
346
285
145
305
380
305
315
385
290
235
230
354
240
376
173
226
145
200
307
260
357
250
300
184
330
190
350
340
300
375
320
405
215
364
249
245
369
365
315
210
410
314
225
105
269
370
235
391
342
242
248
268
492
225
375
327
284
390
235
494
301
115
347
240
193
360
229
365
294
395
395
259
240
340
265
189
204
165
310
220
217
275
323
310
378
280
350
115
270
470
325
250
209
316
240
231
360
368
436
185
231
300
290
235
360
417
275
193
234
295
165
290
315
190
280
260
250
190
411
225
170
70
369
120
307
340
355
299
250
230
349
290
385
368
315
145
280
185
195
175
330
211
204
285
430
383
415
160
200
295
200
450
280
275
195
182
365
280
313
150
347
345
342
292
215
193
304
315
157
335
304
470
227
345
370
305
220
249
290
320
455
230
255
400
385
320
355
210
205
370
423
180
335
345
275
370
414
405
310
295
165
350
332
275
289
285
139
391
293
185
435
285
386
300
475
299
395
356
273
195
365
185
307
385
294
520
315
290
365
170
316
333
215
315
325
290
355
245
324
150
337
30
194
388
320
245
208
205
217
332
350
240
338
221
303
330
305
340
365
415
332
329
345
235
364
250
117
246
329
210
384
215
275
410
320
215
315
216
310
264
360
330
300
282
155
190
270
310
285
369
315
455
409
375
140
306
300
310
325
75
265
315
220
140
280
221
210
155
225
480
310
270
290
260
368
305
380
250
340
219
330
320
396
272
238
447
355
240
250
360
375
408
185
270
280
415
315
290
255
310
267
315
450
342
285
383
175
218
280
455
240
190
210
290
255
310
261
370
322
305
230
170
350
257
294
214
395
420
245
360
222
329
155
373
263
160
360
290
264
390
192
320
115
397
130
206
323
202
326
194
330
235
175
285
338
275
310
465
340
395
255
269
240
331
245
270
345
240
261
341
354
218
334
277
320
250
160
285
200
295
315
298
315
350
295
200
278
218
190
255
415
250
340
290
245
310
260
115
415
301
355
340
210
505
355
295
265
394
305
195
175
184
186
227
322
265
295
400
331
265
277
265
350
391
300
268
185
342
385
350
170
230
401
198
233
405
275
460
330
134
310
202
401
356
262
260
315
263
330
335
250
265
355
320
324
195
420
200
428
399
275
387
290
215
273
417
125
290
325
290
160
315
255
245
256
280
293
390
250
220
321
361
275
402
344
389
285
285
261
377
236
420
150
330
185
370
260
196
330
290
302
435
310
230
290
375
260
405
300
323
325
260
110
140
295
274
240
397
270
270
300
295
374
133
105
458
327
240
320
150
295
327
245
430
320
245
250
235
268
270
282
260
195
215
283
331
160
311
399
333
205
370
315
150
396
350
140
170
280
350
335
265
175
189
275
155
295
270
225
385
322
310
205
310
384
420
295
220
265
237
365
269
280
427
272
169
428
400
320
285
320
145
239
330
410
216
215
330
225
269
315
395
355
340
331
244
288
275
359
217
195
282
335
345
314
280
372
245
60
180
316
270
390
205
210
375
105
155
225
345
215
300
280
180
357
225
323
165
180
343
400
350
230
331
196
356
375
324
285
255
265
306
280
230
300
220
295
280
270
305
145
280
260
258
557
205
250
188
230
395
252
231
370
406
315
289
305
145
220
330
281
370
273
399
315
215
375
292
365
355
372
405
165
350
295
297
312
320
300
180
302
240
355
345
293
387
240
330
340
435
235
313
250
145
340
300
275
230
315
170
305
348
210
260
378
283
310
340
324
347
175
170
230
355
315
290
355
270
249
227
170
257
100
250
190
334
261
395
295
337
190
116
485
275
360
320
406
395
400
115
345
220
305
295
230
287
195
360
250
270
233
250
343
70
155
285
345
241
350
165
350
325
340
285
336
320
210
461
194
355
115
340
270
343
380
160
400
340
245
360
264
300
385
442
410
245
355
400
510
245
270
240
283
420
405
296
261
315
340
400
290
266
222
308
235
247
375
265
370
289
288
180
504
330
236
436
365
325
280
80
313
240
240
260
255
315
435
370
265
398
207
225
230
360
446
320
402
196
191
158
352
315
205
390
335
190
385
365
260
240
290
152
374
247
291
360
385
300
342
335
305
260
305
305
165
398
262
240
185
350
255
290
350
303
145
376
115
383
290
257
230
328
219
325
289
255
220
505
235
515
280
256
440
349
285
195
405
395
380
445
317
270
390
425
230
305
345
290
310
290
328
370
384
315
256
255
340
195
433
325
163
190
338
123
400
296
310
335
310
313
415
282
395
390
234
280
301
421
305
311
352
275
313
225
394
85
300
178
220
285
276
215
250
345
330
285
225
115
150
303
363
270
332
556
157
134
370
330
195
190
385
309
225
400
325
245
325
277
355
205
465
305
290
370
255
260
310
335
290
95
350
220
287
186
339
208
265
300
215
314
300
275
340
222
344
405
187
175
115
90
110
355
265
205
316
450
355
355
200
340
516
436
260
314
170
320
445
188
285
385
325
273
171
319
219
245
77
277
280
80
290
252
275
235
293
160
293
215
330
160
250
260
399
465
194
370
370
219
305
300
300
285
246
385
181
190
340
315
310
320
357
150
305
370
247
445
325
165
210
331
401
339
255
390
350
257
254
430
165
350
250
181
265
383
390
270
280
310
225
385
190
265
205
285
400
305
140
220
265
225
440
291
220
210
275
290
255
260
319
240
320
265
405
185
155
225
310
346
293
180
355
275
510
343
340
165
377
150
305
280
183
325
235
345
135
379
180
265
165
420
345
285
299
279
214
323
305
210
380
373
285
372
258
355
181
275
255
445
265
300
280
340
290
320
315
310
100
150
255
393
191
285
350
405
130
65
275
248
320
310
439
254
354
280
385
105
377
429
370
380
336
474
444
387
231
395
395
185
190
325
395
185
290
295
296
310
285
296
235
356
290
380
360
325
210
360
344
266
257
289
350
230
295
250
270
430
227
350
225
180
230
228
361
190
435
305
340
250
370
280
385
470
264
290
400
410
300
305
367
340
301
455
302
160
310
245
315
135
310
335
332
305
335
290
265
365
313
270
307
210
167
238
410
322
185
222
420
354
320
345
345
272
169
335
348
450
380
240
290
275
265
275
311
265
270
315
375
315
320
165
301
235
330
310
242
275
355
210
445
227
246
287
352
315
275
180
453
295
432
362
285
305
285
390
240
373
340
400
400
165
170
270
245
210
287
330
375
182
257
340
260
390
268
215
405
390
335
327
332
435
540
285
226
272
285
320
241
280
205
135
243
225
275
330
505
205
245
385
420
284
335
295
320
370
285
235
225
515
490
218
310
336
256
119
155
310
334
406
373
363
203
170
420
329
195
335
235
275
340
380
220
375
360
190
156
145
270
490
210
380
195
455
235
400
555
229
316
323
240
340
225
285
265
151
165
365
325
362
300
355
375
221
357
235
204
235
300
358
385
230
350
270
368
225
337
266
425
220
275
212
185
445
455
250
410
184
400
320
300
447
195
365
244
220
355
213
380
336
347
409
400
335
365
300
210
295
329
205
304
290
503
375
519
385
343
335
171
215
250
250
140
341
260
305
235
310
281
190
210
235
212
373
125
241
280
459
195
196
355
250
335
317
355
450
255
338
245
437
302
409
340
238
420
270
260
260
200
335
234
345
325
296
275
435
360
278
255
292
365
369
375
320
370
275
209
318
276
245
329
355
435
275
332
210
412
295
295
250
358
355
266
352
385
355
78
230
210
140
208
280
330
397
264
290
210
241
353
325
215
235
360
180
325
400
335
295
244
230
265
173
358
350
267
296
376
445
232
290
336
315
405
346
361
120
273
288
358
268
205
345
401
330
300
182
370
322
394
375
227
140
430
385
240
216
400
348
285
370
365
364
244
315
325
170
375
320
390
275
250
119
393
300
285
275
308
275
332
240
316
95
320
290
190
298
134
265
300
263
320
325
416
145
314
308
155
170
300
308
179
170
257
227
208
260
278
330
516
415
210
361
265
265
335
340
181
70
444
445
238
426
432
289
320
120
340
185
107
328
385
320
300
342
490
240
265
375
175
255
388
420
304
145
285
280
400
505
279
334
400
70
272
175
306
365
290
219
229
155
400
180
295
275
288
345
350
465
415
320
145
242
205
375
260
260
395
334
268
400
230
350
305
255
208
315
175
354
180
345
317
290
270
220
428
285
405
228
408
221
370
180
350
397
315
175
69
90
128
384
155
340
255
215
343
409
278
251
370
213
298
247
260
310
390
346
265
300
335
330
208
209
175
310
180
380
295
218
175
275
197
200
422
311
175
314
370
280
250
310
450
419
197
260
270
200
310
310
328
302
356
145
163
282
152
339
310
260
210
412
337
230
327
375
270
232
195
135
309
220
135
230
455
291
230
202
194
330
260
340
290
330
420
170
370
312
284
346
390
100
266
259
291
229
382
220
305
228
215
395
240
356
147
283
180
246
237
350
305
245
185
170
280
195
229
370
205
219
307
241
414
155
375
294
225
340
284
235
345
525
160
302
300
189
345
315
399
219
475
340
240
250
315
325
485
315
177
176
505
348
450
425
362
254
239
420
284
358
320
240
280
200
150
325
300
358
419
364
154
336
327
370
429
280
285
306
275
235
255
505
280
110
340
130
284
395
245
350
220
325
382
268
422
310
349
290
335
275
327
475
283
350
430
207
335
220
279
295
364
345
405
295
290
282
290
270
220
245
279
568
446
285
285
163
216
80
285
275
335
360
345
270
295
326
394
269
200
230
365
318
295
245
328
200
259
313
175
400
175
210
428
291
325
469
355
275
337
375
360
278
435
373
265
382
202
165
286
375
275
240
420
179
210
245
274
250
315
319
250
310
285
208
331
305
340
441
395
300
389
225
370
285
403
385
342
380
305
327
395
355
364
355
315
270
290
265
289
355
290
386
295
160
290
260
295
236
245
139
305
285
321
360
290
515
283
285
304
229
280
296
260
270
236
335
260
243
390
360
381
430
432
190
145
200
440
257
260
360
330
374
286
386
420
145
320
405
245
250
385
356
400
290
210
200
240
356
185
328
395
380
145
353
416
320
326
305
295
175
135
275
347
300
272
190
369
485
328
222
245
330
315
275
461
225
295
155
418
225
296
267
128
284
330
260
323
217
399
175
205
321
321
405
190
220
175
281
185
208
255
180
305
210
180
205
209
255
252
184
390
245
195
160
235
280
115
50
350
290
235
319
215
360
275
265
220
250
255
309
265
341
240
270
426
350
255
209
430
360
390
400
419
370
210
339
172
183
230
390
362
320
420
270
305
242
175
317
195
255
250
325
225
435
370
279
210
185
329
235
365
235
305
337
259
455
336
395
315
305
343
280
215
375
368
260
425
395
295
345
180
325
250
265
394
305
287
205
192
270
259
499
310
247
175
325
218
270
290
290
293
145
235
245
285
230
295
330
185
240
325
380
325
466
390
270
390
310
245
338
311
380
305
155
320
265
409
225
323
399
260
260
300
264
323
195
380
285
339
276
359
370
320
305
282
300
335
205
320
220
300
250
260
305
265
200
309
378
360
125
356
220
316
305
325
233
315
295
293
360
395
235
235
231
210
320
211
362
245
343
371
265
170
236
274
160
370
150
200
225
255
360
248
271
325
160
290
140
305
334
116
422
200
300
265
195
292
220
246
388
180
315
185
400
290
125
265
398
295
360
165
150
286
350
340
220
120
350
357
480
259
297
185
85
205
383
497
178
130
285
220
335
370
278
200
416
303
325
177
340
324
320
185
315
300
312
165
311
424
321
318
220
170
350
170
395
390
243
140
390
228
330
250
446
375
305
340
290
375
210
294
164
365
405
494
325
260
488
200
185
155
225
265
350
235
400
345
215
335
374
130
305
120
215
205
320
305
310
341
278
306
390
175
395
435
281
194
231
270
280
235
300
417
290
280
315
216
300
315
295
323
190
311
247
335
186
338
300
225
395
285
310
380
328
345
315
420
227
175
300
275
165
290
215
145
270
270
329
333
216
231
224
185
292
65
220
371
360
301
315
425
265
320
294
380
338
337
200
277
117
170
275
180
240
205
353
250
309
367
300
295
205
280
220
152
185
380
380
310
494
370
258
365
343
357
310
240
306
356
355
440
135
435
325
426
294
331
245
350
438
390
216
349
306
172
325
315
330
347
230
225
395
305
290
243
295
215
228
240
315
305
253
175
330
265
314
220
340
308
304
361
387
270
390
240
241
370
234
265
255
325
180
255
200
330
264
376
310
238
215
239
220
225
321
310
316
370
323
310
295
318
215
177
280
251
187
323
222
290
260
50
200
360
427
305
380
215
455
445
391
260
329
190
367
410
355
381
305
366
465
275
360
290
242
335
279
170
375
180
190
310
315
325
250
330
250
279
220
455
570
178
232
255
345
305
247
206
277
175
216
275
165
178
275
286
210
385
260
270
367
190
374
355
250
320
114
322
285
360
315
285
468
395
300
155
440
370
278
290
230
313
260
275
420
240
115
195
235
309
330
245
269
275
420
175
337
380
411
285
344
214
260
293
295
190
240
167
365
216
220
160
255
260
294
289
365
315
220
285
310
415
310
320
223
407
180
230
230
337
275
105
275
282
198
170
430
219
370
299
250
405
320
405
270
465
435
324
275
258
245
170
171
435
424
345
270
349
195
335
186
378
291
254
418
212
324
285
218
458
377
315
385
338
362
275
130
325
390
257
267
284
320
260
362
253
330
152
260
105
330
475
345
205
225
319
365
375
255
460
210
310
305
190
313
341
524
196
236
295
415
278
367
197
288
125
370
195
275
389
407
225
220
324
305
370
376
315
185
410
229
135
80
400
240
336
299
235
344
363
240
295
425
265
350
287
250
390
255
344
381
172
365
172
277
185
350
278
247
370
200
460
247
531
480
358
345
391
92
250
398
235
233
345
410
286
205
270
275
295
255
410
190
429
252
295
460
310
235
150
163
356
345
299
263
485
210
145
190
246
256
305
280
395
305
424
119
325
395
375
250
353
290
330
200
415
221
360
159
434
215
378
335
315
341
300
263
385
380
324
260
265
333
340
364
317
225
295
300
250
213
220
188
152
314
190
156
270
275
398
322
375
160
495
335
245
278
95
190
310
170
243
425
235
205
300
215
230
235
380
395
335
225
250
257
355
175
236
319
95
325
205
305
265
315
375
346
192
393
95
365
353
355
310
307
285
385
247
220
255
340
335
236
538
415
300
386
255
235
310
155
323
365
405
293
205
360
220
309
335
280
260
249
302
505
435
154
249
420
360
424
165
255
155
268
290
215
281
304
344
206
289
332
220
122
329
206
385
340
355
159
357
368
282
100
417
387
115
325
350
142
390
305
392
295
257
419
270
290
236
325
200
258
245
170
193
325
284
186
323
425
267
265
310
240
269
300
324
313
230
415
395
316
300
435
405
370
196
260
320
383
415
363
250
285
160
337
320
315
350
335
373
126
385
310
355
430
289
425
274
229
280
360
241
346
429
295
255
285
280
130
265
310
335
295
325
410
334
391
365
265
220
305
135
275
282
280
242
334
220
298
325
211
266
240
319
313
230
368
150
215
440
300
160
400
340
346
480
336
275
210
188
305
305
330
195
185
242
275
385
250
425
420
271
319
348
330
270
360
268
369
358
320
147
290
207
388
269
367
263
280
360
255
355
325
300
230
333
220
415
260
130
190
244
240
407
350
265
420
232
310
349
230
370
120
310
217
224
205
265
475
267
223
392
135
299
313
201
340
425
188
200
385
275
232
260
180
320
185
225
314
294
390
355
305
330
311
270
390
450
271
530
310
100
290
365
380
250
422
325
226
365
295
165
462
410
275
405
335
361
210
310
280
184
258
195
255
310
210
298
349
430
174
230
210
244
145
265
305
261
229
330
420
308
230
485
351
515
100
282
286
333
190
130
430
197
401
246
360
483
345
335
359
201
235
220
220
205
180
143
292
390
277
320
350
420
315
210
128
345
356
245
250
345
440
250
402
305
150
365
250
440
250
259
296
345
215
184
360
261
320
296
370
274
223
335
345
425
288
180
101
339
288
204
325
210
390
315
253
140
332
233
190
110
220
465
376
240
266
235
257
321
520
406
345
130
251
176
295
308
274
365
165
339
270
350
345
315
400
165
240
216
300
184
373
215
343
235
445
315
295
310
370
506
335
373
215
170
230
306
390
245
210
306
401
336
445
288
220
230
365
370
331
292
205
324
345
170
255
275
349
300
208
131
235
320
423
342
175
415
375
280
382
250
205
322
281
310
445
241
220
270
230
410
370
330
307
435
260
330
165
170
310
220
315
295
192
325
300
201
312
263
220
163
421
125
208
300
156
290
250
410
310
295
235
315
320
245
291
311
155
410
184
330
285
405
390
324
522
315
235
240
385
335
395
358
529
375
140
426
262
300
290
366
233
555
380
265
275
270
335
125
358
430
344
245
205
340
332
352
215
250
423
269
150
237
236
247
368
265
353
307
290
330
245
236
270
215
465
200
150
291
175
225
310
335
475
293
370
284
214
360
409
365
282
285
215
315
270
361
485
264
370
346
489
365
279
352
225
250
295
185
185
345
350
485
356
436
175
360
372
388
354
308
246
281
252
285
344
428
280
258
270
208
210
390
305
295
248
325
271
394
212
300
255
381
266
250
210
290
308
413
220
381
220
217
335
181
237
227
155
260
280
315
475
295
335
210
285
380
191
211
195
275
230
305
295
387
381
260
225
505
281
379
340
335
403
250
350
350
245
185
310
308
190
360
157
440
315
420
340
390
297
300
266
205
425
326
355
264
80
321
401
380
175
302
255
270
205
264
295
528
205
314
351
170
240
275
350
372
215
390
375
250
265
235
211
260
344
398
238
205
137
326
313
381
250
270
492
345
343
281
380
470
190
210
173
270
335
163
342
430
311
278
240
310
269
245
430
366
173
310
200
410
195
240
285
190
280
302
230
260
215
300
306
275
415
160
320
235
355
125
273
244
250
180
150
325
170
450
380
385
345
195
250
216
275
405
290
263
240
270
272
240
240
302
376
270
255
235
385
202
290
404
323
180
365
170
350
270
170
367
335
296
306
195
220
226
330
330
290
185
286
205
425
400
325
265
270
225
290
429
349
294
280
298
410
230
310
340
531
361
215
384
343
263
300
419
309
225
278
250
246
178
125
252
289
225
235
245
321
280
374
149
385
321
103
410
212
185
110
318
344
323
343
158
375
368
395
370
290
239
220
230
290
326
286
305
218
299
275
260
426
406
305
299
365
245
275
360
206
307
425
360
195
390
405
320
175
205
274
435
215
275
200
329
397
177
251
154
252
415
390
325
290
323
395
340
305
280
345
300
295
435
310
359
355
339
425
406
266
255
275
383
405
225
219
415
140
454
285
315
310
255
270
330
270
465
293
313
358
271
323
310
230
225
283
300
265
288
378
279
375
245
165
315
335
507
304
411
89
325
302
310
297
355
400
280
424
315
345
270
269
235
460
289
225
376
245
355
219
256
345
382
360
320
315
309
150
342
230
403
395
325
350
185
310
504
299
352
305
355
370
383
288
105
365
204
152
270
326
285
288
190
287
330
218
240
345
234
83
305
208
393
105
205
242
260
193
198
298
341
315
406
300
316
310
205
185
240
444
255
360
340
395
274
278
324
344
305
440
281
251
340
435
395
215
324
297
290
230
390
198
310
470
319
389
235
136
175
250
190
300
305
258
80
360
310
295
420
376
475
228
340
355
280
297
395
270
329
325
80
145
384
295
240
354
365
344
245
217
298
215
348
334
345
283
333
285
292
500
355
175
264
225
280
305
240
135
210
265
310
269
162
310
385
355
191
175
135
316
355
325
240
284
265
325
55
355
135
270
365
350
330
260
375
150
230
465
243
350
265
383
318
251
405
405
294
182
396
472
480
151
175
424
238
360
470
245
310
370
480
258
275
265
362
210
225
216
210
205
390
284
292
351
290
275
270
325
255
257
488
275
241
436
344
165
256
290
553
411
130
360
349
293
375
455
324
330
345
149
550
297
245
385
225
255
247
290
160
345
195
415
241
277
307
115
330
234
205
245
165
281
251
292
305
350
300
360
392
430
282
271
330
335
240
169
220
372
295
294
155
340
280
348
440
465
175
303
334
310
475
355
265
297
391
276
176
165
240
370
171
365
390
395
299
360
465
304
295
290
395
365
346
375
150
418
224
280
259
267
235
279
225
275
170
440
190
364
215
342
342
310
165
250
190
270
316
330
195
325
230
250
65
269
373
285
246
395
190
320
384
452
290
205
396
345
355
376
249
346
340
205
365
275
245
343
330
266
217
310
192
150
275
281
250
345
318
165
282
353
358
379
365
205
186
165
234
335
280
295
300
305
270
435
290
350
187
395
240
531
245
355
190
225
296
295
423
405
115
330
296
208
180
350
340
354
322
145
320
445
275
480
307
185
125
220
206
245
279
360
175
308
251
361
426
300
340
345
326
300
475
238
419
300
230
228
304
255
335
275
366
205
182
300
280
320
400
365
268
295
249
302
220
489
328
472
385
287
272
315
313
229
217
339
217
106
345
230
358
312
417
275
151
459
345
175
270
395
345
295
300
350
365
450
345
258
279
330
494
290
342
375
240
214
330
300
370
246
191
350
255
311
160
271
438
405
165
380
375
351
150
327
340
205
385
315
270
230
370
186
296
225
260
258
300
220
230
235
265
253
300
375
390
199
165
277
276
260
300
225
240
415
330
350
345
440
359
316
249
368
325
365
190
316
260
296
190
315
379
321
245
410
360
142
356
225
400
375
329
186
205
214
340
285
325
240
273
260
350
285
350
472
281
330
191
222
200
299
302
360
255
385
280
255
125
269
405
302
150
350
230
329
471
325
230
252
415
171
225
295
280
140
260
246
215
280
380
155
216
215
135
306
340
320
350
304
253
381
330
260
145
135
305
349
494
356
225
160
245
386
100
295
275
460
330
470
465
395
227
284
220
335
274
110
313
320
150
225
185
258
285
428
311
180
322
376
303
440
231
250
200
425
249
165
306
234
319
375
320
380
300
365
369
305
281
228
225
155
300
327
200
320
279
390
200
433
308
188
210
174
265
429
347
270
255
350
280
301
255
480
399
262
205
170
300
340
253
199
257
380
345
183
350
270
310
219
305
230
186
311
314
135
309
358
476
190
373
230
257
285
353
389
285
371
365
95
304
190
270
304
205
257
326
94
268
245
250
440
263
350
385
285
345
270
368
280
335
236
346
370
270
206
230
190
284
305
170
400
310
375
315
215
465
380
467
358
221
345
315
320
225
95
255
360
343
245
225
197
255
155
205
330
345
305
235
175
273
444
190
315
325
235
298
321
300
260
404
485
375
244
339
322
175
430
145
340
325
235
135
296
415
358
389
261
253
380
229
408
180
160
365
245
333
285
250
105
156
265
318
230
305
357
370
370
163
474
135
440
199
198
323
280
210
315
177
360
265
300
368
375
270
368
390
245
225
407
225
165
330
385
160
185
335
244
456
230
400
330
415
190
407
201
140
294
355
217
308
311
210
380
287
366
339
336
329
315
270
315
139
400
485
290
385
353
183
285
202
373
410
328
190
330
340
412
315
364
339
265
277
484
215
210
376
190
260
230
244
379
292
130
315
294
415
395
290
290
165
350
245
270
280
207
226
285
128
310
235
301
160
258
310
335
305
206
275
280
342
295
392
288
255
360
183
185
280
320
292
469
320
226
165
291
132
265
240
313
321
280
365
395
290
408
284
125
115
155
315
233
332
320
285
245
238
245
450
292
180
165
351
274
355
290
380
180
320
365
306
295
155
203
305
425
345
215
390
340
355
155
315
295
320
325
262
169
220
192
240
160
230
467
351
404
265
301
305
215
285
286
285
280
79
295
295
390
265
480
194
350
336
324
193
272
235
294
271
230
295
325
380
230
325
160
353
294
153
455
360
340
180
325
255
357
126
200
490
360
172
395
125
345
423
245
320
365
335
355
384
240
372
135
435
401
270
312
240
338
280
225
253
385
225
215
400
210
414
305
288
339
325
271
80
280
435
200
168
157
273
145
491
280
224
365
213
225
325
195
320
384
170
140
290
350
251
130
419
315
307
360
311
275
430
275
296
319
405
245
193
290
240
330
110
480
281
90
370
255
244
355
372
168
385
175
335
331
370
320
450
315
285
315
215
200
377
395
220
325
527
335
468
305
270
313
360
264
275
240
230
250
204
233
390
215
225
334
253
365
210
285
290
547
217
375
350
315
225
389
230
245
200
398
355
318
284
445
280
270
260
255
458
330
267
355
425
165
284
323
270
350
525
367
274
440
175
316
315
285
140
304
295
310
340
345
307
334
275
215
460
368
270
185
500
390
310
280
281
295
410
292
325
165
260
325
324
330
261
180
167
428
291
181
404
311
387
257
282
220
285
330
290
355
285
215
310
430
292
307
225
318
215
405
240
380
315
235
337
208
315
355
335
320
220
290
260
420
385
230
338
300
245
255
360
250
281
175
360
301
335
369
360
359
227
95
390
324
302
276
290
279
385
316
300
319
273
325
250
434
415
305
510
345
195
290
260
290
319
350
305
346
259
271
255
300
290
330
250
195
289
220
343
434
135
220
325
485
236
315
267
145
371
371
200
190
275
314
355
267
303
365
265
110
305
385
463
246
340
199
245
357
370
355
280
455
364
255
325
325
316
378
300
240
237
357
207
282
181
275
241
335
285
288
245
355
290
235
370
433
80
185
369
230
215
367
315
175
418
389
388
390
367
245
305
342
181
377
270
162
305
295
318
283
265
373
150
215
195
198
180
255
221
216
165
356
457
105
325
440
300
310
335
382
315
215
255
300
349
250
372
335
315
170
296
380
257
446
150
384
430
449
342
384
375
345
185
265
177
262
395
215
125
231
270
249
218
300
335
285
255
345
215
185
210
283
344
320
215
363
290
390
398
385
170
455
365
236
307
365
425
131
403
273
310
285
278
216
216
110
325
378
314
419
191
285
281
174
240
265
300
216
220
209
274
215
190
295
323
340
280
402
285
115
373
300
320
370
362
360
370
283
225
410
388
328
407
341
255
358
330
206
285
322
383
260
342
285
317
433
304
193
167
305
264
227
415
325
199
155
355
195
381
310
286
220
190
205
365
280
310
306
180
475
263
235
215
145
384
390
265
370
220
250
360
404
260
364
255
208
292
278
501
282
140
370
473
290
365
393
359
165
270
355
355
210
298
375
185
352
240
305
320
190
196
435
299
384
283
250
210
357
210
145
522
365
260
333
344
345
375
300
293
298
410
155
325
305
276
390
215
301
296
255
410
395
393
290
465
399
369
265
420
219
310
165
296
243
175
355
277
275
350
488
237
270
205
305
276
325
235
494
195
410
353
225
185
295
284
390
300
215
270
335
370
235
388
295
270
350
245
275
240
360
305
245
395
210
200
295
255
325
431
324
167
275
295
347
340
295
372
206
330
266
277
400
320
356
275
303
311
190
180
336
325
355
231
405
346
176
275
250
313
180
354
369
275
130
303
160
265
90
318
281
245
141
205
311
307
246
330
317
385
347
258
116
330
334
310
265
367
303
311
214
235
423
275
240
291
493
361
213
265
180
295
285
243
250
405
345
230
237
327
260
320
407
260
501
205
320
235
440
420
295
309
296
274
386
275
275
258
316
319
244
177
270
365
370
290
435
251
224
170
296
368
215
285
315
248
397
255
300
295
357
269
220
170
240
310
245
303
319
270
237
265
173
298
273
430
215
188
229
285
273
300
205
168
325
110
284
285
349
337
330
394
269
262
310
295
366
222
220
225
420
255
380
375
362
249
250
171
270
460
395
300
234
240
210
195
305
235
231
322
431
515
415
325
215
345
272
340
263
365
240
170
400
335
261
430
334
239
300
254
145
451
265
244
235
237
345
401
277
256
220
307
353
287
331
284
325
216
225
240
389
150
322
324
395
290
279
305
394
389
455
374
285
365
250
115
300
300
230
290
220
382
280
360
348
341
220
303
330
370
240
400
243
250
235
297
305
75
270
265
380
365
175
279
365
200
355
250
351
320
378
360
205
415
340
265
274
319
260
364
340
290
355
265
347
320
276
230
125
274
298
316
188
254
341
380
365
430
337
314
272
405
350
140
288
290
345
294
180
362
347
388
180
70
290
317
330
182
332
295
370
350
240
235
260
255
280
235
268
347
305
331
320
265
340
380
285
320
313
375
276
223
333
299
250
385
310
280
406
155
320
255
215
283
170
417
230
260
325
210
300
207
356
315
365
340
131
461
215
338
207
283
212
216
222
356
420
350
325
168
304
135
290
243
425
310
243
300
281
241
305
496
320
270
180
265
371
380
209
370
386
389
229
195
210
366
369
325
305
410
307
225
450
251
335
260
237
75
354
230
270
251
265
270
255
270
210
375
308
411
360
130
405
150
330
346
151
262
204
380
295
426
185
170
377
455
350
378
300
250
248
250
260
295
145
140
262
206
230
378
195
235
372
238
115
232
239
315
444
303
349
270
165
470
126
280
441
319
278
320
340
325
224
265
325
463
265
195
295
290
345
444
270
498
370
315
176
285
230
395
365
355
218
256
230
220
545
321
418
405
198
145
190
344
195
383
305
277
370
275
275
154
440
385
195
330
285
345
332
330
291
265
335
360
350
324
365
384
250
313
390
230
208
210
295
225
230
208
445
152
299
338
235
353
279
305
442
500
380
335
223
235
223
359
135
260
170
330
452
325
305
135
280
309
330
335
281
397
244
402
245
507
157
383
375
392
335
245
345
315
245
291
350
280
229
296
335
130
266
132
284
305
391
345
340
275
400
149
312
125
265
185
287
280
385
272
325
172
466
250
349
190
174
460
155
195
335
215
235
300
286
280
220
312
225
100
355
180
266
280
225
225
355
245
483
330
104
265
230
364
297
325
395
294
340
338
185
265
285
430
432
161
315
280
68
125
340
260
313
441
238
186
305
281
205
269
270
385
60
348
415
290
165
137
465
290
185
299
390
300
309
320
300
237
297
448
151
303
245
275
246
279
245
230
170
428
225
265
325
275
315
257
275
377
220
289
370
358
439
253
235
246
343
372
265
185
225
257
305
345
250
325
350
285
302
220
408
398
348
360
314
247
150
220
176
250
317
318
285
382
40
281
110
237
299
289
265
310
155
381
130
255
130
360
405
396
314
272
190
245
245
195
315
280
215
135
428
265
284
345
130
215
307
345
355
170
265
448
296
224
310
260
447
328
350
243
395
280
391
347
263
350
270
255
310
332
321
345
460
367
300
326
364
330
220
215
338
330
297
330
225
355
224
400
245
185
350
300
255
383
245
303
252
150
150
205
399
195
290
220
380
265
190
166
325
224
495
250
320
394
292
349
150
307
321
320
190
328
178
319
126
315
334
218
455
410
295
265
280
304
375
271
356
258
295
330
325
385
290
370
259
223
440
280
200
315
437
380
385
360
235
140
382
370
285
330
340
345
288
324
363
295
345
394
195
385
260
184
277
207
275
470
301
295
325
265
158
235
442
235
320
330
370
315
195
250
260
210
315
275
117
391
286
180
380
306
295
195
270
225
356
305
220
219
332
395
280
310
368
490
216
290
276
168
290
275
205
157
215
370
190
295
118
352
358
314
305
344
269
349
235
350
312
335
139
295
260
253
170
410
179
390
327
148
148
206
120
170
190
153
450
240
375
243
276
195
261
420
205
400
180
315
223
240
290
264
270
250
315
245
236
385
280
382
364
285
230
275
246
392
261
405
360
320
370
473
225
347
135
457
297
230
319
420
530
370
425
381
320
265
389
70
260
278
406
388
315
185
220
318
355
215
308
340
511
400
265
288
205
313
410
275
350
290
335
375
265
359
196
390
380
145
331
317
366
160
415
145
349
378
455
178
212
379
205
450
479
230
267
383
369
252
284
285
225
254
360
330
245
198
270
472
259
267
311
293
359
253
315
340
405
255
410
348
330
155
285
365
247
289
485
384
285
263
250
328
275
254
320
355
293
160
240
416
255
225
355
425
280
285
345
311
229
275
230
110
295
422
274
335
285
309
355
188
310
292
150
125
370
155
305
265
242
310
305
155
275
268
305
215
255
238
394
85
111
440
210
255
145
275
355
215
376
330
180
240
238
125
316
160
305
197
295
354
375
330
346
379
240
265
315
219
285
393
415
225
235
502
245
204
255
205
355
225
267
196
70
285
241
230
160
270
409
160
303
293
284
520
230
379
356
315
265
320
265
250
351
353
265
280
390
385
225
275
200
319
359
333
395
194
299
200
355
285
167
223
420
111
232
270
235
329
328
451
304
290
285
370
278
300
240
320
244
346
240
185
40
260
330
221
370
145
303
205
185
165
280
210
410
245
355
220
370
450
148
415
275
378
335
292
250
375
90
205
274
428
330
215
262
338
150
190
225
380
485
297
195
225
350
235
125
269
276
336
301
173
394
120
318
395
261
275
275
280
275
265
195
425
335
389
340
373
290
206
335
336
386
185
205
314
310
255
270
220
160
336
296
220
296
355
460
380
405
360
372
299
285
373
353
349
235
294
368
370
260
205
340
316
366
325
255
300
394
165
390
265
285
265
238
115
180
229
330
501
170
265
425
247
285
281
533
382
325
245
212
239
323
266
224
380
205
334
250
489
434
405
275
225
296
332
159
315
380
156
311
318
180
254
360
385
310
270
355
220
195
301
375
295
171
415
285
335
325
445
361
325
432
386
259
359
309
352
390
331
376
160
323
408
260
277
317
375
424
185
205
305
205
265
277
295
380
200
380
409
340
311
192
310
165
180
160
210
274
385
263
163
315
315
235
257
255
130
260
160
270
161
217
210
270
335
301
350
325
366
270
205
175
320
405
438
255
450
314
231
295
350
212
236
312
325
343
85
244
305
452
240
277
260
390
178
503
363
216
429
360
305
320
185
221
328
295
250
280
180
290
270
308
344
269
313
247
216
140
396
290
305
458
270
183
490
335
390
338
157
325
318
261
378
195
184
340
275
285
324
345
315
310
428
300
321
362
270
458
383
265
415
270
275
335
370
484
170
280
151
360
226
259
280
131
265
190
312
390
330
185
215
293
205
135
265
145
337
409
326
338
245
351
285
315
200
315
230
325
275
289
390
322
369
353
312
294
360
310
485
420
435
365
185
300
175
307
315
284
275
335
285
194
390
165
252
162
341
343
270
340
300
195
316
475
425
351
355
321
340
209
342
360
295
458
200
260
261
240
235
375
338
145
340
310
330
423
185
314
200
387
300
120
220
247
495
290
252
240
304
220
457
484
210
230
255
238
315
200
213
191
250
270
303
266
240
349
252
120
203
225
245
416
295
365
394
220
320
273
366
215
331
332
283
346
235
400
293
155
113
231
440
360
145
380
245
435
373
366
161
303
214
275
220
365
315
270
185
308
305
346
448
170
300
234
466
267
205
484
295
420
280
284
345
255
370
352
315
348
270
260
291
320
300
225
410
150
270
396
292
451
235
485
450
346
250
258
381
357
277
415
242
316
297
405
365
297
270
290
378
345
377
270
520
288
335
278
265
151
224
320
147
185
353
235
445
287
232
185
383
430
280
362
210
320
179
120
281
130
400
455
306
480
200
263
395
315
265
355
297
305
280
355
200
305
365
365
340
293
287
275
275
310
203
151
365
345
355
390
320
218
399
255
325
401
355
215
280
375
280
308
381
290
201
169
377
314
238
271
270
350
247
374
328
184
232
264
320
250
257
310
295
326
305
410
413
180
250
279
325
100
296
250
350
252
311
185
241
250
280
165
210
425
195
250
275
285
190
292
245
252
354
425
130
178
300
236
320
422
344
80
361
410
252
259
310
291
345
358
172
225
210
422
230
331
189
405
230
310
205
375
229
237
365
225
375
130
193
310
348
353
243
282
265
200
135
125
294
415
195
285
215
325
355
358
235
187
275
341
270
233
320
312
217
291
290
145
369
200
395
307
257
340
355
290
225
210
278
178
402
280
320
421
409
270
215
390
150
349
299
306
205
369
220
235
403
254
341
348
346
185
311
170
200
342
195
195
443
595
257
345
315
343
290
298
297
229
290
205
150
307
210
285
380
210
243
165
256
410
195
300
364
210
360
407
215
345
365
386
393
222
377
330
211
300
225
420
337
320
165
187
275
197
292
200
425
268
230
355
194
202
446
200
361
348
293
202
175
270
300
305
462
220
190
334
287
303
310
315
225
387
375
405
335
465
361
275
291
205
255
181
315
373
380
225
379
200
454
265
359
323
280
320
347
270
349
244
195
330
240
391
410
285
401
299
394
248
330
331
200
370
195
372
215
275
275
250
395
210
386
373
175
424
369
380
305
115
340
322
396
423
292
313
430
323
305
260
265
350
383
259
220
340
435
363
276
175
241
360
380
368
255
338
390
285
401
275
325
280
502
297
254
110
360
269
380
410
296
190
300
270
316
375
175
390
325
298
291
232
435
339
282
431
330
180
335
296
300
140
135
443
315
325
334
342
464
387
422
300
175
360
185
120
445
273
180
313
306
105
320
450
240
315
259
160
260
375
310
345
250
409
296
238
336
260
228
239
389
340
250
415
235
335
232
265
143
501
177
429
395
520
196
322
376
225
365
317
200
401
210
260
368
266
340
280
374
180
280
200
310
420
330
355
370
270
265
365
131
320
359
431
323
361
285
243
290
288
338
324
166
237
329
309
363
310
320
170
217
205
375
341
296
405
220
400
319
275
200
300
134
290
210
364
222
466
250
310
198
260
269
438
274
287
160
335
315
184
320
275
379
245
363
195
345
215
345
220
235
193
308
353
280
387
296
308
145
320
309
351
305
235
177
289
269
365
233
348
300
160
285
361
245
301
360
366
260
175
375
220
360
170
345
390
300
277
200
315
341
160
320
270
335
329
70
245
280
303
425
324
190
302
184
433
333
205
413
235
220
371
358
250
255
160
388
293
380
385
345
277
260
430
310
327
310
250
223
285
325
255
275
135
270
235
345
145
293
343
317
190
310
410
310
295
270
355
475
362
200
535
340
140
301
305
170
270
142
200
387
224
198
242
195
261
316
276
267
352
345
331
298
265
240
346
215
275
286
310
255
220
425
300
202
276
355
435
140
277
415
325
203
380
383
250
255
200
65
429
343
290
205
285
375
205
301
125
175
310
478
418
155
394
370
317
220
407
240
335
392
273
298
288
200
394
220
264
378
378
421
335
208
327
395
440
348
225
332
182
370
224
255
340
344
264
192
200
290
225
305
366
320
337
200
369
330
205
280
377
315
215
285
155
325
431
324
310
260
277
327
255
268
270
386
260
450
195
329
395
240
205
249
125
259
433
137
270
407
338
335
160
379
215
347
285
352
270
280
350
325
260
416
314
326
228
332
270
160
180
227
290
230
235
275
311
373
183
327
310
229
416
155
240
352
115
306
450
255
216
320
295
213
325
310
272
265
346
167
374
235
396
230
261
330
373
330
274
249
345
375
297
225
306
165
255
292
320
181
195
332
270
265
268
345
375
160
90
340
150
288
375
390
301
248
309
330
215
260
247
380
375
440
379
323
272
325
282
245
218
457
156
271
332
258
350
350
150
385
185
287
325
242
140
360
322
315
313
313
275
385
339
327
345
150
265
452
365
340
151
180
298
420
335
294
346
284
250
262
369
300
220
299
305
272
289
305
373
195
355
300
398
231
255
348
248
337
215
293
428
209
325
359
330
360
285
329
363
230
205
455
280
170
250
318
275
405
285
390
486
240
407
214
350
335
95
369
258
140
402
435
334
154
279
335
298
302
240
387
195
285
197
404
350
310
327
236
515
230
294
340
190
194
310
358
190
426
305
120
300
297
400
385
175
230
297
255
275
168
210
315
276
340
211
200
350
274
375
391
107
265
390
275
135
198
258
345
271
420
420
262
250
285
315
211
410
166
207
239
238
342
453
390
317
232
70
203
337
358
371
414
332
300
360
230
432
155
270
228
285
315
286
289
326
330
280
240
380
292
255
351
295
220
335
189
304
275
225
313
329
286
170
311
365
355
220
320
355
340
408
330
169
415
379
471
342
155
145
203
265
355
240
220
165
294
439
202
396
250
205
347
115
316
311
310
135
369
315
235
317
320
230
283
341
234
290
370
145
477
186
116
255
260
206
262
220
200
390
230
320
305
257
340
319
315
255
342
410
170
205
400
305
264
350
283
455
225
383
213
210
234
282
287
356
325
400
340
241
410
290
305
175
182
350
340
247
352
332
445
185
353
412
117
380
345
235
230
128
185
385
145
280
309
309
375
325
450
236
259
265
380
401
320
215
205
270
193
101
235
260
395
350
345
368
309
319
235
312
306
300
157
165
186
378
190
350
320
306
328
280
296
295
245
320
335
353
273
493
337
311
345
390
438
175
115
345
370
214
275
405
356
320
242
395
264
423
205
280
285
251
272
300
325
190
315
253
223
378
505
295
310
324
245
213
378
202
265
270
255
315
375
305
140
310
323
160
210
516
420
127
326
185
449
330
324
315
150
317
247
270
235
243
360
190
292
291
249
363
181
275
392
310
206
320
288
455
170
410
290
277
350
313
504
373
315
161
80
280
211
294
267
178
285
286
296
235
225
325
245
520
378
235
400
155
229
145
110
489
285
210
257
340
245
255
265
225
335
365
370
450
329
197
316
486
335
300
395
245
155
145
445
355
196
170
179
203
375
362
145
271
145
306
138
350
552
355
255
340
194
153
299
252
309
294
276
170
335
366
305
375
287
295
320
145
271
290
285
290
351
269
190
348
198
365
364
270
286
381
271
220
465
215
244
176
152
335
310
165
337
224
265
340
330
272
200
344
335
340
290
372
300
248
380
351
302
360
220
348
340
265
330
220
140
315
287
228
248
302
375
320
457
245
465
209
340
412
220
333
127
290
159
205
430
325
160
395
265
335
230
275
80
327
255
227
165
340
275
300
380
430
345
202
323
289
235
345
293
290
195
417
139
385
395
380
401
350
100
250
340
375
292
267
110
306
315
206
165
355
275
280
375
383
436
348
204
239
285
215
215
275
308
395
220
323
342
330
340
155
230
299
407
340
294
325
370
320
260
365
340
245
370
485
420
285
245
270
228
295
220
245
326
315
407
282
256
305
295
173
130
222
340
344
275
308
265
257
374
195
220
354
235
265
434
262
317
300
429
237
268
287
355
294
390
250
243
212
510
476
205
184
220
200
300
402
255
440
245
350
215
240
387
215
363
110
220
420
280
370
300
368
315
298
215
405
340
265
325
314
462
295
400
375
225
253
88
316
95
275
230
350
210
405
294
170
233
335
145
301
298
366
195
380
315
365
315
219
275
191
290
220
273
194
293
251
352
339
345
320
332
152
346
155
391
405
283
430
300
335
305
175
326
310
335
350
375
303
285
315
155
285
280
380
120
130
340
240
235
349
190
315
261
185
320
235
360
302
278
153
190
265
288
270
330
322
280
295
231
127
435
134
241
270
274
303
345
305
475
345
322
276
195
406
240
260
273
540
236
300
312
420
290
197
365
355
325
385
290
450
345
195
333
257
394
271
386
165
167
343
401
293
403
208
187
371
310
385
292
314
340
237
425
180
255
260
360
220
225
205
300
410
362
323
334
546
221
245
135
338
405
252
220
407
306
235
321
317
415
295
230
329
285
355
472
305
370
310
228
115
339
140
165
290
380
282
300
345
332
295
245
256
297
192
385
392
315
174
296
361
256
391
373
358
271
382
230
331
177
320
350
357
326
315
488
367
405
295
325
312
180
288
60
270
338
390
240
296
290
316
308
276
190
241
280
261
240
80
209
390
245
350
374
294
305
263
236
201
358
206
219
220
291
230
288
312
298
321
241
320
275
373
361
246
284
105
290
446
100
258
334
217
222
336
190
350
210
384
350
320
190
342
287
250
331
195
340
290
257
219
383
330
185
273
331
449
235
228
70
265
245
320
306
414
162
430
425
220
396
304
268
249
362
276
298
310
360
311
245
250
205
404
455
203
363
267
121
275
300
273
410
240
310
140
413
305
322
210
230
365
275
362
180
388
252
258
315
331
223
252
241
305
321
245
362
355
235
189
440
380
241
275
354
332
295
310
270
310
365
211
361
241
330
413
245
250
235
240
281
160
383
318
295
290
359
354
269
310
351
315
180
360
400
232
280
297
342
205
233
420
210
400
233
110
480
377
396
112
235
265
350
390
337
294
190
326
410
244
203
371
100
329
164
100
345
260
355
275
235
310
196
325
290
299
270
340
275
255
206
214
140
345
365
288
90
417
105
326
304
215
327
347
547
334
218
291
350
293
295
300
385
345
345
145
340
300
166
295
389
300
130
252
452
393
327
155
255
282
360
350
289
181
250
430
172
352
469
195
227
230
296
332
175
160
205
140
177
215
295
145
250
426
420
268
385
337
185
325
283
386
271
145
235
305
280
320
325
256
255
170
447
395
346
199
305
280
318
239
280
235
271
416
282
365
161
310
310
325
317
325
295
170
400
436
360
155
287
125
441
190
238
293
305
240
194
200
280
343
334
263
315
255
339
406
331
353
130
175
331
290
260
185
105
210
314
255
315
290
205
261
381
250
405
200
285
366
272
360
317
190
260
365
205
252
250
285
360
434
201
140
280
305
270
235
475
220
394
310
210
356
387
420
125
475
170
370
315
279
323
50
187
268
282
380
292
200
300
314
100
231
220
310
395
235
150
320
265
400
65
181
263
345
308
260
315
364
252
310
425
337
370
230
275
265
336
275
388
225
335
300
335
311
273
278
200
220
304
250
313
344
390
159
229
355
125
335
413
345
330
255
575
295
320
380
325
338
310
396
363
434
299
275
318
218
225
335
274
145
337
259
410
405
386
250
340
277
315
390
342
315
425
360
221
395
385
175
324
309
362
266
395
180
270
255
400
115
471
325
390
315
380
330
300
279
245
300
150
170
225
396
215
274
325
240
325
245
321
355
368
250
215
270
307
257
348
270
349
406
405
300
260
290
225
315
362
307
260
349
369
320
330
249
360
385
335
299
315
346
348
495
250
420
188
367
278
225
258
375
135
300
205
348
300
265
225
471
263
374
379
345
205
307
276
245
275
235
468
115
120
235
502
214
390
413
185
420
408
290
221
280
280
355
220
246
248
380
245
331
355
363
275
345
270
91
235
235
125
298
165
379
325
90
218
311
355
215
304
320
195
384
203
336
358
404
311
255
324
476
264
250
309
421
175
265
326
130
335
280
195
350
345
245
177
280
323
421
358
239
350
262
359
180
270
382
241
430
336
375
337
289
185
150
170
278
275
196
335
413
315
130
401
444
235
360
321
240
350
180
307
296
410
351
180
455
270
310
365
210
345
204
199
295
322
327
260
195
325
285
310
330
533
255
235
371
350
197
245
113
310
108
156
211
236
325
265
210
235
225
65
232
330
164
315
329
402
190
161
289
267
195
353
325
430
195
300
219
120
335
255
225
345
334
410
384
319
282
240
325
256
191
175
352
300
270
240
245
360
275
309
296
380
173
329
295
194
330
346
402
300
381
213
417
170
100
165
360
255
350
354
250
437
205
233
210
300
245
110
195
394
240
390
250
296
200
295
233
241
360
425
210
404
373
482
350
85
320
300
430
280
427
345
311
367
327
337
180
250
315
265
313
325
250
220
290
382
581
145
318
345
345
194
210
293
425
235
295
373
400
306
75
250
162
238
435
310
466
270
187
220
312
235
285
205
345
361
288
293
275
230
160
160
528
251
281
405
398
221
426
292
360
426
268
235
172
225
133
295
263
235
275
357
120
90
330
130
180
160
212
230
235
260
292
252
185
185
380
275
309
240
359
185
210
309
288
240
240
194
296
399
246
200
280
231
274
280
370
340
181
200
215
165
292
197
377
122
360
255
303
350
247
410
284
355
260
112
363
363
302
88
296
340
441
225
205
350
274
209
333
255
464
110
270
295
335
260
351
224
295
348
320
310
221
257
275
185
434
241
230
280
270
345
220
476
329
165
312
405
315
365
268
335
375
245
290
220
354
187
281
120
309
295
295
312
270
290
275
325
291
270
228
160
395
357
144
236
320
111
394
165
245
205
167
291
425
275
389
330
270
254
145
219
357
346
410
500
440
250
200
282
345
306
254
332
179
266
210
416
342
426
287
305
360
281
381
370
423
402
320
205
236
222
345
350
298
362
176
220
275
348
397
323
252
220
288
295
290
195
180
320
419
425
391
190
315
259
200
330
175
325
224
125
261
288
255
349
306
281
540
234
310
175
320
300
405
285
397
340
375
321
165
258
424
200
190
385
360
241
374
201
178
442
370
297
339
215
125
207
80
305
195
166
426
425
323
310
123
327
383
307
295
365
231
427
175
194
265
240
175
428
120
365
140
135
295
380
345
387
115
285
316
323
295
281
325
385
193
222
250
415
380
162
349
377
210
335
326
190
285
352
335
104
335
131
557
310
271
300
215
376
277
465
313
495
360
310
205
168
305
147
350
160
300
236
245
206
187
405
192
285
343
250
301
371
243
314
360
170
275
221
226
266
283
260
242
255
245
225
322
365
251
350
195
247
420
324
75
158
231
310
254
315
300
245
155
312
493
200
330
333
140
150
140
333
385
205
245
215
409
259
425
250
237
285
227
90
175
340
259
406
267
332
215
135
339
300
350
240
298
185
365
290
185
371
413
351
346
337
223
280
360
145
275
245
170
415
261
305
202
272
382
410
250
192
440
149
332
229
503
301
285
376
247
370
300
405
250
310
215
269
352
261
220
280
203
324
232
270
235
368
206
222
190
336
225
185
310
90
345
233
321
95
244
310
383
416
335
190
130
275
379
247
275
326
336
280
355
236
355
323
180
236
392
356
272
339
305
295
260
418
329
35
307
355
360
185
105
361
180
365
300
334
160
370
165
345
238
269
290
398
470
310
306
147
171
215
252
345
155
295
335
390
476
404
207
445
338
295
192
303
185
228
315
319
334
305
230
200
220
175
120
372
366
346
308
420
276
183
400
180
341
330
245
259
299
235
65
375
313
231
215
160
475
317
323
352
310
285
200
220
125
230
256
270
416
180
150
151
365
230
435
330
327
200
360
279
286
66
195
240
385
365
302
235
459
314
240
421
179
321
310
220
240
248
354
333
415
179
280
177
484
388
460
302
240
302
305
271
110
291
155
304
128
260
321
197
398
178
240
205
120
150
175
270
228
395
342
366
190
104
314
205
335
316
254
415
530
309
220
185
320
215
312
304
255
160
325
205
418
320
279
295
230
340
150
274
377
190
373
244
360
351
279
285
215
417
244
285
237
290
165
335
235
339
185
320
361
313
290
110
120
261
245
263
410
385
220
260
370
342
339
214
255
310
330
315
235
365
412
420
265
314
235
180
330
410
230
270
299
265
335
271
165
241
338
188
322
225
160
140
385
243
262
340
335
264
325
470
317
355
405
215
285
469
291
268
225
213
330
305
252
462
360
228
240
155
407
148
295
300
357
256
150
172
434
260
312
223
244
476
192
326
313
225
260
216
370
225
195
315
264
235
216
235
340
150
350
408
292
407
255
297
324
220
210
214
200
165
227
274
165
359
290
323
220
145
255
255
300
343
375
195
266
335
410
315
420
373
321
190
320
308
285
293
240
172
220
424
370
191
195
255
285
391
340
145
316
230
166
390
334
300
221
255
363
326
293
526
355
245
325
375
260
360
161
390
383
415
350
355
340
303
165
361
330
310
110
395
275
205
289
324
205
230
307
174
411
264
372
368
350
248
255
165
230
311
270
305
349
360
234
175
243
340
188
213
322
257
447
376
200
195
315
275
215
100
224
170
307
313
254
426
392
190
418
437
287
170
237
361
175
331
406
342
225
385
213
313
289
280
75
270
405
305
260
340
305
400
413
246
320
315
254
165
259
301
322
190
121
285
270
269
200
313
343
372
318
230
370
159
250
276
195
280
325
325
210
239
330
510
397
368
172
340
264
230
297
398
431
220
255
383
370
413
288
303
271
395
360
430
315
293
365
251
359
371
208
243
335
215
345
208
413
285
140
351
330
128
240
340
380
282
385
188
181
385
490
348
485
262
225
170
210
340
362
157
365
275
325
210
295
270
332
285
143
160
299
205
290
370
300
240
243
220
175
240
150
141
340
280
292
254
350
165
245
246
241
319
404
219
368
280
239
339
310
227
275
310
195
345
180
235
363
429
144
276
193
250
325
388
365
130
271
235
149
211
110
415
440
50
315
245
397
204
265
270
428
316
362
204
210
275
285
346
100
183
354
364
360
364
320
190
325
255
392
283
259
240
345
387
413
342
280
360
222
95
355
270
250
162
259
170
315
490
257
397
254
398
246
185
282
295
397
382
156
285
195
335
111
340
261
220
270
225
412
225
197
393
280
205
215
280
344
314
330
215
250
225
380
221
324
166
454
360
260
340
497
228
342
254
400
410
325
254
356
230
385
247
348
400
162
249
290
348
300
387
259
333
355
166
332
100
140
298
85
345
390
275
316
284
245
168
252
437
245
240
310
282
240
185
334
308
350
260
335
298
408
275
219
390
395
232
329
401
149
285
388
164
293
145
295
305
304
340
215
245
390
110
322
195
362
398
247
220
125
190
303
340
403
196
191
163
418
356
315
300
315
276
237
363
345
140
384
370
205
365
300
346
343
235
420
384
328
251
190
350
235
315
429
265
240
388
265
368
347
304
170
270
185
252
423
104
340
226
250
355
224
339
432
125
375
350
378
343
229
279
389
281
260
340
326
270
242
322
305
367
283
180
186
220
270
286
291
390
278
421
395
220
335
342
353
135
245
140
358
398
300
240
383
425
139
366
375
320
200
295
225
351
175
362
285
330
490
417
386
406
391
220
231
378
413
245
385
350
280
260
355
333
225
325
280
311
201
244
300
440
193
240
245
320
291
370
302
105
295
235
486
320
311
225
210
383
300
160
254
308
216
310
299
192
352
231
265
305
219
310
408
345
334
288
230
155
162
265
270
368
90
400
236
200
343
355
315
153
355
215
155
299
271
316
400
207
215
283
413
381
310
250
375
245
265
308
210
268
255
294
305
262
366
208
145
169
227
210
324
330
300
240
190
296
402
264
300
320
402
332
122
305
345
259
300
221
230
333
315
330
205
352
220
329
365
320
397
273
300
329
224
317
355
178
280
105
284
220
270
349
303
299
255
453
305
346
408
310
354
204
160
326
374
305
235
281
185
341
278
315
215
45
317
382
239
490
325
357
402
350
448
204
397
360
285
264
155
328
209
298
263
97
226
235
387
300
195
280
403
110
264
199
308
290
395
364
318
220
241
235
215
417
295
385
305
124
304
245
310
425
237
225
290
364
310
393
541
429
195
273
371
175
261
340
252
223
150
405
350
120
463
141
445
301
210
345
341
184
304
140
261
333
354
150
355
139
125
381
337
162
270
325
195
372
266
275
275
308
230
261
275
175
318
315
258
336
190
319
410
228
363
305
265
308
325
340
188
215
370
290
276
280
430
185
245
441
275
363
349
356
138
325
298
295
395
330
305
257
233
414
360
283
340
290
348
230
175
225
342
316
220
240
260
264
215
235
426
275
320
465
240
370
365
135
465
304
221
160
263
289
211
175
231
215
270
394
225
133
231
238
279
290
305
320
374
145
298
341
348
255
361
259
290
251
270
263
241
385
210
210
270
181
150
323
314
279
305
447
315
419
320
375
285
289
305
337
310
374
338
320
210
374
480
280
439
204
351
343
255
430
205
320
268
250
242
84
245
265
216
358
231
273
320
254
460
183
245
337
347
289
405
303
250
272
128
195
190
254
349
265
294
175
256
306
398
390
195
196
315
386
273
265
309
281
210
211
384
440
357
397
197
180
383
310
200
165
300
330
212
235
212
402
440
515
235
205
331
178
160
235
211
272
335
407
257
300
155
412
290
324
210
189
300
500
335
275
201
205
453
255
407
350
337
293
330
130
490
295
317
240
188
330
275
309
320
240
223
427
355
245
297
326
253
180
285
315
295
140
322
450
385
135
206
270
304
350
404
252
255
325
220
314
347
370
311
380
289
255
419
318
345
489
240
374
275
294
390
225
351
165
45
265
145
468
304
357
190
308
230
300
332
306
399
270
260
327
270
343
441
336
450
352
310
230
259
350
213
227
492
330
412
296
210
341
235
379
265
254
364
340
292
187
420
204
105
325
310
319
315
218
374
171
370
95
236
140
60
304
385
354
305
55
220
348
320
155
371
310
325
413
332
294
184
302
320
171
386
337
250
187
210
530
190
195
388
295
315
273
322
368
324
195
157
363
468
200
471
253
144
280
225
298
421
140
346
210
400
329
412
170
330
273
204
273
304
445
255
120
217
290
244
275
150
465
340
321
125
302
315
255
139
399
345
216
175
235
382
320
296
235
367
169
406
230
426
230
185
405
395
242
330
265
180
371
300
287
242
311
100
115
308
285
181
292
221
409
150
141
140
400
214
405
459
160
381
285
278
492
371
381
395
235
170
279
277
289
271
212
426
232
346
205
323
255
243
246
345
205
368
310
480
365
386
310
313
310
187
264
395
285
270
300
366
414
427
165
264
348
307
245
125
290
260
370
386
251
332
315
393
261
195
365
265
255
249
210
392
69
330
410
165
230
255
360
314
160
249
305
353
261
399
376
165
375
400
348
332
190
177
181
165
351
420
275
367
285
330
295
185
227
317
163
265
335
405
360
256
365
261
403
340
358
352
324
225
238
257
196
473
405
458
95
345
321
210
269
190
255
360
361
270
221
184
548
146
298
314
265
405
151
471
158
408
385
300
190
266
307
140
268
305
370
361
270
252
227
274
280
215
160
380
336
190
300
330
153
129
257
330
262
301
109
400
280
376
280
285
444
263
225
299
350
259
205
300
344
228
250
283
115
344
368
223
375
120
165
337
135
305
140
261
320
418
270
225
315
132
427
330
335
265
230
275
350
319
314
495
333
424
190
150
320
390
390
370
290
315
335
178
170
318
227
204
202
196
362
275
165
333
135
317
205
446
255
265
285
180
215
415
327
305
270
278
230
269
435
341
345
430
270
320
120
250
301
305
250
204
265
235
416
317
367
225
508
300
300
341
330
260
305
93
275
365
65
429
153
430
356
273
305
282
275
195
180
262
390
130
216
195
140
473
180
350
185
216
150
203
286
335
363
260
357
410
190
275
115
265
200
415
214
453
269
256
330
260
335
328
157
364
235
325
350
341
270
165
269
316
413
332
95
229
285
310
436
237
265
394
185
309
330
430
261
295
455
196
255
289
400
237
290
104
295
300
277
420
326
210
314
245
290
235
244
325
225
284
325
355
258
384
370
316
200
220
340
322
274
369
205
305
241
307
125
303
272
210
406
430
177
322
336
342
415
105
305
329
356
445
292
325
405
390
397
210
287
301
240
310
229
385
233
108
340
319
331
225
177
444
330
333
400
247
290
210
244
410
245
220
341
270
288
215
261
382
195
235
387
190
243
405
275
265
279
160
217
300
201
190
274
385
365
220
264
345
139
430
269
282
332
170
367
30
277
320
341
305
292
298
117
355
330
250
219
232
200
335
328
496
287
230
223
155
190
261
256
235
205
215
462
330
443
331
373
135
280
265
248
380
288
280
137
185
246
444
410
300
220
244
329
469
328
280
165
265
223
311
125
370
365
205
309
415
60
280
192
230
354
290
312
425
295
260
230
490
360
260
370
397
315
280
338
239
452
100
230
258
400
401
330
301
240
175
242
308
329
315
319
334
345
295
347
410
415
407
394
180
329
355
355
305
355
305
333
238
198
280
314
315
305
335
200
240
283
165
210
307
270
309
311
215
230
245
272
225
331
190
82
323
415
313
201
415
324
280
311
462
315
275
240
434
318
345
268
293
241
214
320
301
250
322
223
319
317
458
126
326
245
85
131
310
390
242
405
291
325
115
296
406
279
230
314
215
267
501
209
260
222
252
249
332
285
341
363
250
321
350
360
215
350
275
242
215
346
255
425
257
350
194
460
105
223
440
425
232
270
183
444
165
294
325
294
297
325
235
253
140
338
285
261
250
245
257
354
295
80
155
376
216
150
206
315
220
210
360
412
316
220
365
283
324
325
268
418
356
265
514
266
299
195
377
313
350
362
235
479
290
309
334
270
390
225
363
220
357
387
185
285
377
315
290
334
427
313
150
445
130
250
155
349
443
353
267
240
246
340
274
290
135
295
349
300
512
194
260
305
257
450
265
300
187
330
457
186
441
241
242
366
311
270
131
289
275
320
229
230
235
336
325
202
273
305
350
355
380
210
329
405
138
251
166
320
343
285
423
135
335
249
150
300
280
324
155
305
340
415
265
248
315
253
352
509
169
343
345
287
414
310
313
265
280
273
231
290
311
245
297
125
378
252
130
210
150
300
195
332
325
225
90
220
416
402
310
229
171
305
221
95
295
330
280
405
430
401
344
131
380
353
205
320
285
340
290
268
245
295
270
300
310
333
335
240
234
211
205
352
190
253
285
282
255
441
429
203
261
224
339
405
127
333
335
237
270
396
330
325
141
275
275
225
290
195
267
225
460
263
352
391
342
275
380
194
245
278
233
343
382
290
335
251
210
305
367
472
265
160
301
360
211
255
220
372
386
208
147
403
220
247
205
326
242
400
359
457
295
333
130
314
345
461
325
345
290
165
340
423
295
177
170
300
314
300
356
329
300
191
352
268
211
245
299
349
190
417
334
354
520
285
340
305
80
251
295
155
404
226
271
375
187
254
315
415
352
279
440
372
325
300
405
216
315
492
321
200
160
294
250
230
436
365
400
136
269
425
305
200
346
150
190
211
360
373
415
259
361
490
165
310
412
190
281
243
155
356
309
285
436
322
310
320
116
107
203
312
290
320
210
211
335
212
258
175
320
250
264
221
305
355
362
101
353
440
234
293
220
437
337
319
390
198
350
355
184
201
417
245
143
249
385
165
250
195
250
342
290
225
311
231
145
275
350
277
345
135
450
170
240
320
246
182
275
381
150
295
280
235
356
280
350
250
272
365
249
282
258
295
363
207
128
182
313
355
345
379
314
402
195
300
220
220
295
377
233
195
305
373
329
280
350
85
205
205
390
385
217
293
430
184
205
247
285
255
292
330
250
365
115
245
285
285
195
220
132
310
273
214
385
290
202
410
311
200
366
375
368
224
296
359
310
450
175
365
322
185
75
305
287
281
210
403
329
380
274
245
253
160
299
307
228
298
224
378
450
425
265
293
357
420
320
268
192
325
372
170
300
225
285
380
224
261
376
223
400
404
405
281
388
251
170
274
260
387
200
205
275
325
369
250
464
255
273
313
377
331
340
381
317
55
326
397
320
240
350
275
413
322
238
210
325
450
382
279
334
120
195
355
259
226
210
250
227
348
321
288
325
256
405
353
268
330
235
175
125
334
314
166
165
400
456
355
303
200
370
550
230
367
274
322
235
378
398
409
270
350
180
255
475
241
470
265
215
355
351
290
424
225
270
220
280
122
327
265
210
473
441
254
218
291
335
278
284
152
447
303
195
225
359
397
192
245
295
360
365
226
353
250
270
340
272
353
269
170
250
115
298
320
395
353
368
223
343
442
234
227
244
362
176
169
220
250
255
300
198
175
340
303
329
315
255
385
320
311
455
188
236
346
400
301
242
280
210
322
427
117
297
518
498
380
176
321
255
135
300
242
345
170
378
202
249
343
250
302
305
194
597
338
280
319
311
283
403
214
335
355
282
307
163
320
412
220
294
294
295
330
235
280
392
400
220
345
330
404
198
240
280
300
199
334
421
245
200
357
305
226
299
168
233
335
261
316
293
425
175
260
230
340
280
207
502
200
285
276
280
384
205
262
188
241
455
406
250
199
270
276
290
325
448
288
278
326
220
250
487
150
262
289
419
270
377
375
278
311
160
186
255
378
460
320
140
237
355
368
446
395
295
428
300
364
424
360
302
315
328
295
298
409
130
237
275
323
275
480
390
195
309
392
419
428
369
260
260
288
202
280
280
431
150
141
145
251
307
195
357
81
137
323
324
290
400
268
439
414
419
345
440
412
354
345
340
414
151
282
303
250
280
230
330
191
275
265
306
328
363
385
283
311
209
210
245
539
387
405
239
250
350
241
230
206
163
345
260
330
320
401
225
225
276
268
180
217
